N1	N2	time	env
250.000000	250.000000	0.000000	20.000000
1002.873508	889.850882	10.000000	29.743835
1621.388998	1087.488488	20.000000	14.374407
3599.624003	1819.645493	30.000000	14.682131
4192.417623	1535.273282	40.000000	26.085565
3451.269679	1001.051431	50.000000	18.313192
1941.889457	1667.411010	60.000000	9.952627
2413.275647	2099.087775	70.000000	21.192588
2247.080543	2022.398461	80.000000	19.598844
5161.149014	953.980438	90.000000	32.925923
3566.743132	589.215740	100.000000	22.784527
2719.341924	584.297937	110.000000	7.947262
3362.489455	852.345779	120.000000	32.070419
2007.255144	802.490626	130.000000	-1.049604
2348.270530	565.759937	140.000000	3.203028
2238.662864	1349.526529	150.000000	16.783775
2164.883308	2226.552162	160.000000	18.446223
2160.443866	1981.695852	170.000000	29.210603
1129.169910	3387.268135	180.000000	13.130489
699.672469	4429.854158	190.000000	12.356472
1419.653932	2621.484740	200.000000	27.271927
1349.621104	3883.521535	210.000000	14.928703
2394.830440	1582.155961	220.000000	25.988933
1731.373183	2734.569063	230.000000	13.739704
1303.265538	2294.496352	240.000000	1.915049
2318.971505	2055.678909	250.000000	22.152523
2899.764325	1890.503713	260.000000	17.618817
3262.122318	1905.465933	270.000000	16.151101
2860.437822	1329.607081	280.000000	24.756638
2904.840397	1008.850722	290.000000	19.774350
3037.803249	899.152521	300.000000	33.689442
2634.078538	1708.672130	310.000000	24.542680
3808.548701	1751.863205	320.000000	27.562746
2633.133781	1571.065970	330.000000	13.719369
3330.764075	951.340408	340.000000	26.402847
2572.951532	732.705813	350.000000	8.173720
4501.630282	1028.726400	360.000000	17.726371
2778.927326	2172.123580	370.000000	15.540917
1493.706129	2736.049260	380.000000	17.117282
1988.375558	1947.357783	390.000000	6.775992
2084.558441	1253.414977	400.000000	12.471114
2722.766610	483.867211	410.000000	5.821492
3102.051878	747.398271	420.000000	44.708509
3419.465421	1114.949966	430.000000	20.336820
4530.406568	1083.012377	440.000000	29.592577
2627.620809	847.629288	450.000000	38.957078
1099.243566	1668.055300	460.000000	6.419079
3184.059527	1332.955855	470.000000	24.461225
2150.011229	1766.497188	480.000000	11.552012
2052.594653	2161.378071	490.000000	24.701457
3558.691373	1806.286565	500.000000	29.271086
2892.929450	1818.705163	510.000000	34.534822
2070.121235	2280.752192	520.000000	18.333279
5306.412276	1037.754584	530.000000	28.054683
3467.508934	596.862938	540.000000	18.247861
4507.489549	959.902656	550.000000	30.892263
1862.184824	2561.520010	560.000000	17.698427
3254.325281	1611.280196	570.000000	15.517388
2735.346290	3011.237794	580.000000	23.999348
1835.745315	1280.266744	590.000000	9.483126
3763.424150	1227.810198	600.000000	20.948102
4674.545773	436.001770	610.000000	7.145430
2967.937588	743.061718	620.000000	17.709986
1520.109631	1299.806333	630.000000	14.273915
1109.403088	4025.658364	640.000000	17.982760
1595.278169	2700.215701	650.000000	9.762150
2122.137736	2096.911152	660.000000	1.517207
2234.996412	1554.776237	670.000000	-1.253240
6828.212874	773.167492	680.000000	30.663126
1843.662118	1191.176285	690.000000	10.153571
1433.889753	1414.638413	700.000000	11.188294
3589.484038	1252.909194	710.000000	23.327176
2775.153983	1430.564143	720.000000	10.012740
2125.333532	2015.040566	730.000000	10.651884
2805.441296	1449.094216	740.000000	42.067073
2984.014667	2861.464987	750.000000	21.460725
4102.404723	821.869829	760.000000	2.525139
2640.991114	668.671848	770.000000	19.285713
3127.166679	929.367621	780.000000	1.555529
1918.629489	3947.915230	790.000000	18.422502
2866.670847	949.081728	800.000000	26.107056
3687.392760	1555.794449	810.000000	18.900400
4311.177592	649.644737	820.000000	23.479406
1844.436117	1581.863758	830.000000	15.744439
2111.893625	2567.051823	840.000000	25.425439
2840.932208	1978.738257	850.000000	9.539583
2174.209570	2960.137062	860.000000	26.388889
1872.386167	2642.540976	870.000000	15.727035
1082.917667	2460.943070	880.000000	0.669810
3179.317311	1593.078249	890.000000	32.591657
2370.107529	1632.838512	900.000000	19.944867
4315.563371	893.008035	910.000000	21.420217
2231.338974	923.838147	920.000000	13.916266
2349.992285	719.023612	930.000000	24.927148
1703.245143	2910.494225	940.000000	18.790482
1595.112424	4063.119298	950.000000	20.811517
1569.432194	4473.374392	960.000000	19.568196
1513.308267	2697.033377	970.000000	39.221646
1226.040924	1539.469032	980.000000	30.227982
2384.608861	1171.223968	990.000000	6.738284
3255.193900	1995.674914	1000.000000	16.389344
2371.294975	1468.494381	1010.000000	30.708769
2697.185226	1922.006375	1020.000000	18.014857
2090.369643	1859.696958	1030.000000	20.805507
3238.876975	1122.960228	1040.000000	8.128208
3083.522343	1267.133591	1050.000000	21.781497
1946.743149	2829.162628	1060.000000	21.583245
1938.851532	2697.181520	1070.000000	16.173329
2080.548178	2262.168575	1080.000000	11.362155
3043.468044	1847.178795	1090.000000	28.248677
3693.767828	746.536845	1100.000000	31.902285
4311.863552	501.300343	1110.000000	11.980802
1970.186152	389.198955	1120.000000	18.916170
2489.394844	1284.555026	1130.000000	16.232853
1629.963802	2261.810285	1140.000000	14.983567
2432.363090	1775.291938	1150.000000	6.885311
3170.131079	1143.082446	1160.000000	11.935581
2433.532487	1817.733878	1170.000000	13.938473
2047.014367	1406.942948	1180.000000	7.597950
1452.987726	3422.831295	1190.000000	14.999067
2178.125082	1939.070620	1200.000000	23.949234
1761.811122	3877.756088	1210.000000	18.006436
1786.997214	4456.903150	1220.000000	18.266652
1653.051935	1647.320925	1230.000000	8.018763
3032.087738	1704.298971	1240.000000	18.630822
2832.198541	1297.007907	1250.000000	41.730627
2054.897391	2546.306941	1260.000000	12.401602
1458.753511	1824.017070	1270.000000	20.579624
2387.294295	2233.506746	1280.000000	10.988697
5993.357010	784.478198	1290.000000	21.105748
4274.014488	576.660839	1300.000000	17.701766
6192.867632	278.149326	1310.000000	27.387284
3037.246767	469.895563	1320.000000	16.923381
3501.538651	370.872450	1330.000000	25.774003
3388.595146	795.031330	1340.000000	25.753780
2526.038582	765.364601	1350.000000	21.679963
3087.639428	652.908470	1360.000000	16.983988
3327.211683	626.206671	1370.000000	28.256123
2216.404537	841.526259	1380.000000	10.952988
2634.665496	549.361646	1390.000000	19.444847
2799.848398	1856.101312	1400.000000	17.241952
2491.341202	801.145397	1410.000000	0.215669
3162.440385	563.035548	1420.000000	23.081507
4159.214798	289.630497	1430.000000	21.518351
2110.079844	281.490892	1440.000000	4.575244
3408.333736	763.062514	1450.000000	17.310761
2647.566098	763.439388	1460.000000	10.895983
2500.375716	1006.235853	1470.000000	12.883698
1431.322191	2970.795170	1480.000000	9.784758
1288.458358	5040.122972	1490.000000	15.930720
1355.277907	4126.372163	1500.000000	17.424154
3246.504305	2140.259857	1510.000000	33.651011
1934.468663	2409.529549	1520.000000	40.475466
3002.088853	1272.086726	1530.000000	10.515291
5802.887274	548.232379	1540.000000	26.138442
3335.622032	726.323664	1550.000000	12.126173
1958.754466	452.251981	1560.000000	5.859906
2453.564024	649.870129	1570.000000	19.400594
2259.876781	1581.410238	1580.000000	19.811012
2307.910700	2916.536280	1590.000000	33.781115
1571.662438	2091.742872	1600.000000	9.131278
1602.096295	1366.264687	1610.000000	35.448483
1191.404672	1055.704713	1620.000000	32.376702
1515.983917	1344.872149	1630.000000	17.703069
1201.713166	1891.459445	1640.000000	13.087782
1958.490085	1142.583629	1650.000000	29.826747
1415.219793	1595.078240	1660.000000	15.320815
1890.349961	1374.661903	1670.000000	2.089211
2676.410799	1069.481754	1680.000000	6.109345
2182.981460	1230.161352	1690.000000	-1.524780
3292.813665	1062.840819	1700.000000	16.105813
3583.360175	1770.981573	1710.000000	17.925402
3578.239900	1896.474511	1720.000000	33.494449
3192.032074	1219.259352	1730.000000	19.033743
2054.659588	1636.579132	1740.000000	20.687248
3058.968129	1172.754346	1750.000000	42.225080
1928.511819	2378.323305	1760.000000	10.045770
3439.952457	1437.819043	1770.000000	24.447198
6346.075720	663.310076	1780.000000	32.410606
2767.814051	1186.767321	1790.000000	15.011642
2570.419239	640.866799	1800.000000	3.298660
3462.462440	1582.849164	1810.000000	18.906325
2069.820728	1745.136044	1820.000000	38.346801
4069.743078	1309.769145	1830.000000	27.266938
2680.875211	826.485503	1840.000000	15.214884
2204.660908	1895.759453	1850.000000	22.067972
3099.820166	1154.156170	1860.000000	34.447140
2608.408955	1207.821946	1870.000000	21.891256
1909.155183	1624.310998	1880.000000	5.211913
1466.056941	1525.186985	1890.000000	9.109183
2566.863561	1935.165189	1900.000000	29.338617
4828.560232	780.123897	1910.000000	31.693031
4210.702295	1498.277013	1920.000000	22.914352
3450.001199	1949.219982	1930.000000	14.910110
4199.468107	1010.862884	1940.000000	22.371053
1849.817681	828.480949	1950.000000	8.664486
2522.020012	1709.037001	1960.000000	18.693732
2642.175890	2602.996351	1970.000000	3.026590
923.776172	3270.789429	1980.000000	35.205161
1301.473398	2546.316889	1990.000000	24.206659
2066.886947	1880.237405	2000.000000	-0.011076
2833.389474	1096.364355	2010.000000	4.528756
2481.187482	2503.003058	2020.000000	14.894909
2621.203484	2281.645427	2030.000000	30.936442
3708.889232	727.628045	2040.000000	4.745513
3077.753559	529.516865	2050.000000	0.076477
2230.426659	950.491686	2060.000000	31.204991
3388.395342	604.302219	2070.000000	11.736759
3205.986237	560.265438	2080.000000	9.905490
2543.462707	936.094374	2090.000000	41.610877
2110.732889	1373.059263	2100.000000	42.295828
1903.887869	2585.283360	2110.000000	28.645306
2266.957846	2150.391510	2120.000000	23.383328
1886.698636	3167.673342	2130.000000	15.287291
1401.312654	3500.599808	2140.000000	15.040391
1356.074513	1670.009905	2150.000000	11.864968
1868.572719	1844.828667	2160.000000	20.619768
2922.213845	3048.483695	2170.000000	15.273781
3804.970078	1236.854518	2180.000000	20.392157
1884.765372	1105.637404	2190.000000	14.733689
2008.228448	2488.870786	2200.000000	18.161134
1660.568339	2374.017877	2210.000000	32.878722
1727.664472	1474.786237	2220.000000	31.729215
3647.634636	1216.325470	2230.000000	17.290432
4968.076626	1245.069680	2240.000000	26.121801
5043.179154	988.587432	2250.000000	15.523444
2895.179860	1006.705195	2260.000000	22.543229
3579.862973	613.447960	2270.000000	24.703905
3109.864465	526.297983	2280.000000	10.296001
2658.605725	848.391344	2290.000000	22.729136
1654.052505	1732.058467	2300.000000	6.908370
1869.113955	1720.545868	2310.000000	15.627243
3995.967761	1507.113299	2320.000000	26.548513
3457.671440	878.208302	2330.000000	4.324132
1891.440889	1013.178602	2340.000000	7.984469
3483.337046	937.644303	2350.000000	29.743979
2436.072272	1912.489520	2360.000000	21.601270
2834.513029	1393.227754	2370.000000	2.193840
3501.895482	1069.495347	2380.000000	19.509147
4471.727128	1520.662700	2390.000000	17.997790
3309.719622	1053.091751	2400.000000	32.618858
1683.838219	1031.093248	2410.000000	4.331135
2613.024036	1995.933293	2420.000000	31.149367
2999.679498	1713.584315	2430.000000	39.341730
3384.244574	1347.918466	2440.000000	17.925939
3414.142929	1013.672356	2450.000000	-5.642270
3368.514178	1168.110594	2460.000000	29.854976
2025.597140	1622.432175	2470.000000	12.911801
1250.067060	3424.627013	2480.000000	18.254968
1466.081246	1722.337258	2490.000000	20.436488
4290.281733	861.165920	2500.000000	35.696563
4023.572484	807.804490	2510.000000	25.091686
3202.245715	1611.776277	2520.000000	33.947807
5061.580069	899.371785	2530.000000	25.754667
3662.544043	943.581976	2540.000000	22.128655
3832.771833	1519.059430	2550.000000	19.618933
3047.564641	1474.821497	2560.000000	12.623289
2558.733718	1156.929448	2570.000000	38.753536
1838.451071	1504.422133	2580.000000	38.543458
1125.956771	3224.131053	2590.000000	13.124457
3961.300822	932.867328	2600.000000	28.209576
3553.647362	755.104088	2610.000000	31.036455
3439.346187	1339.768812	2620.000000	15.925439
2226.511401	1494.191770	2630.000000	14.336691
4105.930898	875.651594	2640.000000	22.321071
4841.206990	762.143039	2650.000000	25.936176
2698.279249	769.565039	2660.000000	27.912625
2301.147995	1354.209772	2670.000000	46.716292
3669.767693	2009.767018	2680.000000	24.914189
1987.601815	3755.062702	2690.000000	20.941875
2082.601598	1344.121409	2700.000000	8.822753
2404.066154	1917.143731	2710.000000	13.828318
2379.732059	2039.712136	2720.000000	26.077540
1438.469342	949.698940	2730.000000	8.614408
1661.789766	2581.961941	2740.000000	17.428617
791.734358	1322.786642	2750.000000	7.653762
1310.344906	1915.659346	2760.000000	19.496150
1617.677043	2783.489773	2770.000000	21.179671
3982.298386	1144.748863	2780.000000	32.528688
3037.999090	806.285681	2790.000000	7.859120
3016.146036	2531.155352	2800.000000	19.533370
2240.464463	2492.085105	2810.000000	17.051108
2354.071688	3217.647818	2820.000000	7.284057
3807.670051	986.921079	2830.000000	-12.462953
4758.997241	1231.143891	2840.000000	28.639382
2321.579551	1205.346607	2850.000000	9.598794
1703.250628	1905.019981	2860.000000	17.636380
2453.094016	1501.787977	2870.000000	20.418910
1788.105068	2268.076663	2880.000000	32.926300
2205.887548	3792.311265	2890.000000	27.788358
1108.339671	1305.685925	2900.000000	-1.187977
2631.257967	903.424694	2910.000000	0.783975
1661.869666	1075.683068	2920.000000	20.205946
4023.311676	1403.196969	2930.000000	26.750153
3065.374548	460.176768	2940.000000	11.062329
4039.021537	465.518799	2950.000000	33.086142
3090.198595	857.794539	2960.000000	13.732166
3443.816802	1046.541224	2970.000000	27.298963
3243.949663	1314.389747	2980.000000	30.101451
1975.289642	1346.361046	2990.000000	10.559253
2137.070425	1080.930206	3000.000000	0.250781
3782.564154	606.929421	3010.000000	-2.404977
4106.179934	219.638521	3020.000000	19.413860
2279.879675	318.524321	3030.000000	12.515642
3508.415481	336.128306	3040.000000	22.717934
2388.332248	610.121579	3050.000000	47.726105
4875.259600	730.800770	3060.000000	30.363334
3101.520991	1025.089361	3070.000000	34.382911
3648.896386	1062.166728	3080.000000	18.062829
2896.729917	1860.470116	3090.000000	21.017972
2729.324446	1781.979965	3100.000000	10.285182
2940.500065	2781.728555	3110.000000	26.467337
5066.996011	1487.829634	3120.000000	28.150296
5253.646119	725.583823	3130.000000	33.778341
2690.491548	896.273157	3140.000000	25.928684
1901.916620	1766.910275	3150.000000	17.353127
2441.356858	1916.874181	3160.000000	2.971269
2911.874279	2013.534193	3170.000000	26.399529
2502.902450	1211.987238	3180.000000	-2.009871
1828.462662	1331.559988	3190.000000	0.946604
2794.002027	1174.654519	3200.000000	17.811107
1834.459909	4839.088486	3210.000000	17.450203
2687.329080	1195.432257	3220.000000	3.110811
2001.694412	639.023058	3230.000000	6.923739
2873.499885	548.755928	3240.000000	45.507055
3582.717362	1198.497189	3250.000000	25.540164
5143.830042	843.015753	3260.000000	23.005601
3847.390755	819.589347	3270.000000	31.168172
2516.914914	330.717921	3280.000000	0.503710
3353.137797	325.943633	3290.000000	25.136491
4141.763459	461.331149	3300.000000	18.276649
2461.325149	2299.745005	3310.000000	20.198238
2151.476150	1951.087098	3320.000000	13.083650
2819.855345	1208.096305	3330.000000	24.984807
2011.299432	910.762057	3340.000000	20.938119
2533.673499	1164.837568	3350.000000	22.785427
1859.915829	2878.222833	3360.000000	16.760663
1988.719278	1684.240642	3370.000000	25.772186
2562.077728	1375.293173	3380.000000	33.484762
4242.984035	786.673538	3390.000000	24.494003
2176.121173	1456.766316	3400.000000	9.798791
3256.627135	2192.641531	3410.000000	21.107806
2610.871388	735.793680	3420.000000	25.077294
2879.293132	1896.377676	3430.000000	16.509091
2056.511231	2362.334732	3440.000000	36.886569
3436.130921	1013.985479	3450.000000	0.829177
2697.111012	1267.521744	3460.000000	16.671982
2332.539025	1083.895683	3470.000000	29.597564
1516.283261	2433.525058	3480.000000	17.958623
2772.230667	1120.872537	3490.000000	19.051056
2750.751778	1213.537076	3500.000000	32.686959
2537.941098	2275.591621	3510.000000	8.231708
3086.859477	1458.041350	3520.000000	28.390898
4768.703941	1503.584177	3530.000000	25.085018
2652.598967	1556.413527	3540.000000	3.498017
3138.534301	1599.950873	3550.000000	17.900889
2196.318545	1905.819384	3560.000000	12.592501
2719.665924	2055.402967	3570.000000	33.471802
2102.124374	2312.975297	3580.000000	19.765192
4305.312135	1233.851811	3590.000000	17.355028
1767.844450	1125.584413	3600.000000	15.604425
3143.503672	1751.052816	3610.000000	21.291544
3995.951174	822.029098	3620.000000	12.996129
3152.323643	1198.422648	3630.000000	15.509251
3053.026865	1759.292805	3640.000000	28.401642
1393.193799	1674.438889	3650.000000	5.629992
2154.641640	1470.676419	3660.000000	23.079035
2540.951390	1058.910947	3670.000000	8.086579
1357.265693	3040.181026	3680.000000	13.988832
2263.141877	1299.984167	3690.000000	40.965970
1697.396993	1721.321553	3700.000000	9.439746
1877.644729	1819.740909	3710.000000	4.500892
3204.242322	2132.872538	3720.000000	21.666619
2253.516802	1910.658250	3730.000000	19.043298
1761.449018	2783.653858	3740.000000	20.804629
2223.301862	2163.660233	3750.000000	3.677086
3053.242472	1121.768414	3760.000000	34.574585
2068.887325	803.359732	3770.000000	35.433787
2231.411099	1681.494353	3780.000000	13.391394
2302.735267	2213.977882	3790.000000	18.172842
3593.307770	1153.336702	3800.000000	30.962662
5307.343517	625.590082	3810.000000	28.703201
4318.864604	764.558035	3820.000000	31.708632
4068.558417	1196.458704	3830.000000	15.028000
2710.040348	1046.976218	3840.000000	32.955511
2568.273868	1009.548300	3850.000000	23.176599
3712.034353	1236.721787	3860.000000	17.985476
3916.739983	646.545895	3870.000000	0.677723
2540.557250	1944.407572	3880.000000	15.359040
3781.838792	1390.585583	3890.000000	27.987887
2282.239092	785.940336	3900.000000	8.349995
3954.374256	641.986618	3910.000000	23.311354
2949.136144	725.563452	3920.000000	32.544540
1332.158767	1472.780777	3930.000000	10.793908
1326.838072	1244.033168	3940.000000	-6.549158
2021.335338	2239.203267	3950.000000	20.944887
3273.860945	1280.288833	3960.000000	13.695706
3520.700024	728.897506	3970.000000	35.763965
4471.083185	958.492913	3980.000000	23.738004
2996.421045	713.103461	3990.000000	17.841466
2522.105183	1287.653427	4000.000000	18.382377
1573.556490	2604.397673	4010.000000	8.644073
2233.298265	1837.749323	4020.000000	17.443928
3859.067690	1235.008539	4030.000000	17.173384
5951.994143	924.964351	4040.000000	30.019549
3466.716034	1765.021612	4050.000000	23.903917
2155.844154	718.921890	4060.000000	55.347576
3718.956495	931.704104	4070.000000	18.625890
4233.755664	1235.670407	4080.000000	33.069704
2209.873017	683.157776	4090.000000	39.686767
2253.519666	1233.858266	4100.000000	16.687383
1916.238150	2591.359917	4110.000000	17.461941
2781.381010	984.466949	4120.000000	50.802372
1941.015775	1680.319812	4130.000000	17.422241
2785.504162	1187.092238	4140.000000	0.169454
3706.395176	972.068941	4150.000000	37.982830
4416.240700	965.959260	4160.000000	28.331576
3924.147974	823.050649	4170.000000	31.976477
3224.236829	1038.411311	4180.000000	29.667370
2118.417222	994.646888	4190.000000	7.183338
3111.330691	870.173862	4200.000000	9.190520
4028.106739	1323.208916	4210.000000	25.315692
2225.981716	1649.472540	4220.000000	1.913326
2084.977980	1850.426415	4230.000000	15.713014
2741.052455	928.071062	4240.000000	26.465780
3406.099928	2755.755443	4250.000000	21.212888
2498.029869	1368.212321	4260.000000	30.241854
1936.088317	1675.444253	4270.000000	16.077335
3111.727616	1131.050193	4280.000000	37.712749
2197.775757	1347.924225	4290.000000	16.800638
4784.500521	733.709726	4300.000000	20.345362
3228.827873	1074.790498	4310.000000	-12.225593
2523.732049	685.918484	4320.000000	13.479257
4564.928776	312.251353	4330.000000	27.557870
3153.697464	137.237901	4340.000000	43.606674
3947.874224	178.494776	4350.000000	29.399618
3984.329800	187.520932	4360.000000	24.570979
3099.699527	270.031497	4370.000000	43.907771
5982.323754	146.003822	4380.000000	20.322703
3862.435086	165.837153	4390.000000	24.693026
3805.028254	192.797223	4400.000000	22.524425
3310.461993	205.912900	4410.000000	13.030251
3285.390875	295.525601	4420.000000	6.993719
5633.706546	360.334338	4430.000000	29.015737
2411.557837	815.243892	4440.000000	30.756712
2074.955201	943.767380	4450.000000	19.050853
3008.602473	1923.863477	4460.000000	25.297992
4398.115014	1061.082859	4470.000000	28.911475
4179.758243	480.699878	4480.000000	28.767961
2749.297152	567.175153	4490.000000	10.979893
3607.482774	1420.346985	4500.000000	23.815040
3248.440968	1142.215340	4510.000000	13.370002
3053.160792	1192.520832	4520.000000	9.984561
4245.092472	767.699882	4530.000000	10.264530
1859.053512	3407.070014	4540.000000	19.196985
3640.176875	2473.438085	4550.000000	21.476408
2453.274004	1726.216605	4560.000000	5.781283
1434.830442	1151.075086	4570.000000	11.465841
1895.721789	1881.731464	4580.000000	14.012371
1793.726113	2014.389200	4590.000000	23.649030
2973.730430	1278.660162	4600.000000	11.452327
6780.057295	715.915206	4610.000000	29.480054
5034.590269	621.992064	4620.000000	25.910382
5039.913984	402.658480	4630.000000	30.914472
4153.445591	440.344910	4640.000000	14.118522
2086.163893	696.708445	4650.000000	19.132824
1697.180180	2438.718052	4660.000000	16.890766
2115.387615	1462.188094	4670.000000	33.178360
1645.993739	930.741215	4680.000000	10.826650
3067.930800	514.961587	4690.000000	5.224546
2809.395598	1003.544597	4700.000000	23.162441
4012.218589	851.219687	4710.000000	27.167880
2845.529518	2435.440099	4720.000000	21.235783
3286.454620	905.297503	4730.000000	33.660088
3252.019218	357.507739	4740.000000	10.003406
4643.436271	270.967887	4750.000000	15.262862
2387.645400	354.286656	4760.000000	15.570852
1874.544806	211.258406	4770.000000	8.964616
1981.986990	369.314184	4780.000000	10.157588
1857.272348	851.768112	4790.000000	13.791534
3440.400810	1426.573552	4800.000000	30.882057
3839.513540	1699.049984	4810.000000	17.214930
1802.401785	2528.049363	4820.000000	7.069961
3144.782186	2112.454845	4830.000000	22.863052
4619.895637	893.092870	4840.000000	25.243772
5620.262098	672.440020	4850.000000	29.993960
4144.094412	575.846305	4860.000000	24.905061
3264.933143	1305.983545	4870.000000	12.019934
2645.686679	1294.368929	4880.000000	17.367860
3824.652628	443.646423	4890.000000	27.094642
3041.182810	895.135702	4900.000000	32.616006
3934.142064	942.083196	4910.000000	26.210395
3281.032428	1048.547513	4920.000000	15.367568
3014.286505	1367.115034	4930.000000	15.515548
2571.183489	1953.260258	4940.000000	16.516933
3211.997390	2668.665188	4950.000000	19.774713
1982.429829	2283.855186	4960.000000	21.155664
3038.750241	2456.216194	4970.000000	18.781249
2986.947741	2808.220600	4980.000000	19.899107
1363.842724	3386.296989	4990.000000	14.456896
2281.350739	2375.745537	5000.000000	23.008976
1712.352455	1407.318094	5010.000000	2.202238
1644.448907	1385.432582	5020.000000	5.257387
2726.152030	2177.581095	5030.000000	26.844573
2417.906934	2301.991157	5040.000000	14.307903
6689.770515	747.471362	5050.000000	28.518379
3982.777693	335.578274	5060.000000	31.805368
3687.479450	201.345112	5070.000000	8.700913
4750.988417	129.502178	5080.000000	30.224878
5185.898214	257.897050	5090.000000	27.570643
3186.805975	205.555054	5100.000000	37.514954
3989.374511	356.430182	5110.000000	31.532476
1906.180717	1454.414049	5120.000000	7.142062
1516.546960	1469.387213	5130.000000	8.297978
2259.148909	1879.375292	5140.000000	7.154207
5215.519564	848.129104	5150.000000	28.019893
3324.691716	2146.595752	5160.000000	16.858047
2938.693846	1552.083552	5170.000000	12.031810
2757.984544	1120.219960	5180.000000	11.434989
1663.571148	1327.822829	5190.000000	22.393660
1509.768617	978.504105	5200.000000	13.186722
2312.414313	2955.907058	5210.000000	17.154308
2288.873301	2158.597092	5220.000000	26.339233
1723.235911	3261.387175	5230.000000	17.510928
2520.076289	2103.229054	5240.000000	26.527752
4725.422062	806.777778	5250.000000	54.699176
4220.715376	1524.552016	5260.000000	16.945383
3215.206228	708.077473	5270.000000	1.385550
3061.533574	1043.360603	5280.000000	24.877573
4094.136747	1002.556346	5290.000000	21.313335
1937.418674	1111.381703	5300.000000	2.986688
2448.213543	1168.218442	5310.000000	-3.727459
2357.879719	1271.452825	5320.000000	10.191092
3359.615591	932.044994	5330.000000	8.440385
2637.575173	1247.751581	5340.000000	-2.770036
2188.752099	1612.370665	5350.000000	13.970469
3609.337192	1258.383710	5360.000000	23.221193
1629.586213	3362.879633	5370.000000	17.845114
4004.557179	1663.009796	5380.000000	31.806518
3235.837575	1730.936383	5390.000000	17.594323
2035.103109	2014.767488	5400.000000	19.451457
2000.869625	892.015590	5410.000000	44.138922
5257.917332	757.970192	5420.000000	22.474558
3515.704403	420.675317	5430.000000	13.962811
3515.704095	615.020958	5440.000000	23.197826
3737.441212	374.318066	5450.000000	36.424018
4863.220308	257.798104	5460.000000	21.140316
3020.061821	475.893768	5470.000000	7.771207
2039.835036	1622.927623	5480.000000	17.724921
2358.958439	1115.627117	5490.000000	19.031583
2475.115360	1716.081359	5500.000000	6.545091
2847.834666	1606.166133	5510.000000	23.874992
5487.918092	639.970522	5520.000000	25.307475
4537.604351	360.417287	5530.000000	5.221939
2603.396129	629.582619	5540.000000	11.461341
4009.505576	288.527469	5550.000000	37.844811
2172.017667	1168.971086	5560.000000	18.010738
5306.208310	619.422596	5570.000000	21.363021
3247.192529	1505.612475	5580.000000	16.116290
1356.280763	805.079591	5590.000000	3.490887
2189.315773	2110.557769	5600.000000	28.831320
3266.501984	2375.401613	5610.000000	17.355117
2858.925290	3056.214958	5620.000000	21.064477
2856.471118	1406.656620	5630.000000	16.937710
2163.289190	2403.825162	5640.000000	28.461724
3236.781242	1314.527577	5650.000000	12.429286
3515.797553	542.435834	5660.000000	10.572375
2107.109274	597.963392	5670.000000	12.055395
2810.027413	1695.673791	5680.000000	16.788350
3753.930140	943.707667	5690.000000	34.045380
1863.495472	3252.357277	5700.000000	14.525996
2474.492774	1223.073394	5710.000000	9.812688
1154.835644	2284.440147	5720.000000	9.608923
3349.550854	2212.616184	5730.000000	27.607873
1547.936715	2895.088630	5740.000000	15.868275
2011.627480	1746.229677	5750.000000	47.606308
3454.739931	1502.106040	5760.000000	20.575072
4157.878934	1098.796351	5770.000000	31.205175
3984.032952	931.586729	5780.000000	21.873127
3388.062020	644.294454	5790.000000	24.743638
2231.583153	762.831137	5800.000000	6.146359
5259.588294	268.129476	5810.000000	37.052777
5764.399340	198.246638	5820.000000	27.872259
3199.174435	256.608845	5830.000000	34.875373
4722.333646	915.310603	5840.000000	19.150504
4545.442914	723.421793	5850.000000	25.824946
3187.265747	755.588132	5860.000000	18.389907
2142.987040	1375.129820	5870.000000	-2.128701
3094.661007	1668.226115	5880.000000	20.967250
4045.382403	1057.195756	5890.000000	1.874518
4238.545793	503.662245	5900.000000	24.863588
2572.575133	1475.912623	5910.000000	20.738141
3068.025478	3072.839790	5920.000000	19.032394
2278.888908	2554.042287	5930.000000	15.778023
2543.766690	1503.900892	5940.000000	22.096003
2459.008080	3185.694349	5950.000000	18.504678
3348.356748	2543.102984	5960.000000	14.965144
4078.946282	2478.281799	5970.000000	28.537625
2929.352877	1639.143430	5980.000000	12.334714
3049.545197	1645.005619	5990.000000	16.357910
3063.647945	1134.927436	6000.000000	36.085595
1591.458578	2220.598653	6010.000000	13.311903
2681.384138	1821.463790	6020.000000	17.722107
4111.003780	1123.839057	6030.000000	23.993032
3844.954602	1130.893869	6040.000000	24.865272
3612.575432	1616.123282	6050.000000	26.403641
1701.395949	1847.646198	6060.000000	8.636106
1089.579042	1899.308306	6070.000000	11.550937
2287.401381	1304.088649	6080.000000	5.536954
2449.474464	1576.747642	6090.000000	14.748921
1956.267150	1373.097141	6100.000000	13.162353
1947.909549	1843.820009	6110.000000	34.044917
3949.598496	1477.318291	6120.000000	29.740599
2451.341125	978.354989	6130.000000	22.444861
2972.301577	1044.447148	6140.000000	10.201500
2763.900826	957.596972	6150.000000	14.635590
6877.952966	485.906501	6160.000000	26.901691
4048.998522	434.345285	6170.000000	29.446248
2504.829374	1266.089748	6180.000000	28.350860
5113.510328	724.003615	6190.000000	26.458907
3144.068451	1020.543126	6200.000000	22.807927
2393.129226	891.635647	6210.000000	1.159371
1954.319134	1771.766852	6220.000000	18.832202
2401.091841	2183.039563	6230.000000	12.721268
2721.699707	1924.263356	6240.000000	15.565147
1486.094131	2901.660577	6250.000000	-6.725334
1756.954096	2183.134449	6260.000000	10.678303
3229.122912	1582.284555	6270.000000	24.554583
2242.793574	860.160889	6280.000000	-7.599208
2125.085278	1389.721039	6290.000000	15.104057
2512.890629	3173.650323	6300.000000	28.720378
2051.128303	1874.319973	6310.000000	-3.158255
2053.611825	2301.356626	6320.000000	14.882340
2229.114961	1169.931988	6330.000000	13.376106
1659.647400	1494.818487	6340.000000	13.645115
1795.946070	1446.260279	6350.000000	8.763380
2793.371863	948.058324	6360.000000	16.776479
2149.105386	620.331998	6370.000000	2.108716
4067.401094	734.435129	6380.000000	20.040591
3962.952461	501.330691	6390.000000	22.452257
2561.456910	1819.989056	6400.000000	15.164251
3875.665433	1449.108961	6410.000000	17.454277
2924.542175	1216.377748	6420.000000	6.841289
2951.112539	773.321464	6430.000000	26.842801
1815.497115	997.431893	6440.000000	10.473529
2511.880606	1760.844438	6450.000000	19.743469
2578.853514	1178.479149	6460.000000	12.199920
2133.672460	2415.565172	6470.000000	14.546685
2089.867850	1836.122975	6480.000000	23.100447
1055.446492	2098.612649	6490.000000	11.661288
1492.328814	1850.451045	6500.000000	10.500734
2768.833247	1458.649008	6510.000000	13.891268
5350.162369	892.597606	6520.000000	20.258821
3183.352434	2737.708733	6530.000000	15.751117
2690.818659	1589.375996	6540.000000	18.713659
2120.766400	2432.601453	6550.000000	31.420602
2325.283334	1725.364753	6560.000000	33.621855
2465.172141	2192.570453	6570.000000	25.958162
1712.049357	1834.869212	6580.000000	12.177559
2557.666701	1601.321802	6590.000000	8.342315
2066.748667	2324.247592	6600.000000	12.606242
3374.978607	1132.545424	6610.000000	-0.674582
3314.777049	1147.737127	6620.000000	3.947557
2267.848321	1496.325093	6630.000000	23.445263
2084.275531	1522.484142	6640.000000	-1.399402
2297.848373	1472.071144	6650.000000	38.138091
2049.612935	1528.954688	6660.000000	23.594415
1068.448230	831.321740	6670.000000	11.949733
2644.653948	1171.736053	6680.000000	33.857968
993.117650	1143.445283	6690.000000	42.242284
766.423126	2629.491721	6700.000000	10.479504
1234.137280	2500.333901	6710.000000	23.088230
773.589896	3117.456224	6720.000000	13.510277
2014.963117	1492.044956	6730.000000	23.356941
4926.832529	709.798530	6740.000000	30.342910
4458.643529	489.925998	6750.000000	21.932188
3455.420303	935.763681	6760.000000	20.885184
4504.827539	532.617119	6770.000000	11.309643
2762.566118	1315.921850	6780.000000	20.601153
2362.506906	1583.559997	6790.000000	37.343243
5236.917786	1063.021079	6800.000000	27.190299
2000.295585	1073.702263	6810.000000	8.112572
2762.503359	2243.520983	6820.000000	27.467931
3248.666439	1285.218356	6830.000000	24.092475
2618.245601	2783.022021	6840.000000	12.358613
1895.746650	3262.124025	6850.000000	-5.734280
2039.911658	3271.010554	6860.000000	29.200883
1216.772477	4028.371054	6870.000000	7.699775
1095.034086	1862.595387	6880.000000	42.642535
1730.461950	4655.198213	6890.000000	17.716016
1499.609849	2189.379970	6900.000000	4.689012
1801.549073	1633.260757	6910.000000	19.694222
2584.890223	1713.968679	6920.000000	19.551566
3551.094374	1699.383317	6930.000000	28.518876
4452.643511	1535.190095	6940.000000	32.248087
1634.742846	1200.503022	6950.000000	38.802626
5408.329230	759.569851	6960.000000	27.741466
1870.234368	1669.108608	6970.000000	7.160547
2205.620816	603.551143	6980.000000	33.715176
1474.350120	1384.039018	6990.000000	6.314795
1147.565610	2384.624455	7000.000000	23.515299
1809.680765	2678.991559	7010.000000	23.479858
1353.413420	1895.826166	7020.000000	12.073936
1937.666657	717.923741	7030.000000	8.647449
1100.382021	1716.439270	7040.000000	13.167518
1869.296670	1849.684716	7050.000000	29.791437
2364.540183	2039.449484	7060.000000	17.318209
2466.019774	1469.974871	7070.000000	27.501194
3115.663736	1131.450546	7080.000000	31.545725
1561.001092	1072.902957	7090.000000	9.615990
1631.622036	1284.195082	7100.000000	22.358917
3035.241110	1106.021234	7110.000000	25.620920
3616.746751	1282.587237	7120.000000	19.993792
2376.312439	509.599268	7130.000000	37.157871
2303.519927	820.514765	7140.000000	8.133149
2819.581314	1649.047579	7150.000000	18.010146
2341.264337	1466.736817	7160.000000	28.058044
3244.137066	1183.573673	7170.000000	11.348303
3730.314040	1277.230017	7180.000000	30.217352
2752.027021	945.876732	7190.000000	35.449445
5081.285347	401.516831	7200.000000	26.878418
4454.864986	594.081698	7210.000000	28.399966
3902.892599	739.359915	7220.000000	17.111904
2088.476754	1162.346171	7230.000000	9.164545
1009.012917	1581.988818	7240.000000	6.085408
1227.413353	1823.010671	7250.000000	27.946827
1552.043280	3325.908041	7260.000000	22.442663
1478.013778	3747.643665	7270.000000	17.572648
2427.396293	2309.907714	7280.000000	27.364621
3955.314918	1001.241481	7290.000000	30.607457
3285.678981	1734.818302	7300.000000	17.191889
2118.274513	2797.720998	7310.000000	20.229290
1656.430318	1853.930411	7320.000000	26.219525
2702.215764	1068.175636	7330.000000	5.096393
3591.029890	1399.700574	7340.000000	20.686143
4630.119937	887.702776	7350.000000	34.293246
2525.242228	708.166826	7360.000000	5.415213
2671.067231	1078.355134	7370.000000	21.940574
2079.301584	1280.205765	7380.000000	17.377682
3134.142465	1157.752031	7390.000000	24.531394
1623.054816	2019.912109	7400.000000	12.597816
2294.884401	1673.824445	7410.000000	7.078203
2662.057064	1816.970023	7420.000000	-9.106599
1681.964529	1422.546498	7430.000000	52.926145
1317.380478	2273.213791	7440.000000	35.344333
3580.472775	1558.894991	7450.000000	31.225368
3757.681956	1047.016845	7460.000000	22.401586
4723.578936	884.755025	7470.000000	23.201322
2701.622224	409.652178	7480.000000	25.426458
2508.599438	548.773702	7490.000000	19.164822
5196.407235	592.636754	7500.000000	21.247506
3031.281599	986.163468	7510.000000	21.076165
3389.113311	614.118724	7520.000000	23.721742
4036.790039	632.114722	7530.000000	19.774538
4043.864999	1221.864362	7540.000000	29.383662
3676.642859	2303.583936	7550.000000	19.951161
1972.672163	3900.466719	7560.000000	18.650700
2749.054180	2631.488450	7570.000000	12.738158
2013.538390	1521.437605	7580.000000	41.963342
2457.841837	1855.420461	7590.000000	31.022418
3988.719835	863.258603	7600.000000	11.727855
4570.486388	793.848791	7610.000000	22.556594
3658.612436	1343.642502	7620.000000	21.632455
2796.813769	2121.352994	7630.000000	19.558571
2147.200382	2581.270816	7640.000000	23.981127
1816.784198	1359.805579	7650.000000	13.046275
2236.224294	2053.845359	7660.000000	22.684305
2254.774493	2076.693307	7670.000000	13.497355
1957.997652	2892.371433	7680.000000	15.611627
1388.581380	1759.328816	7690.000000	0.259422
1721.504138	1344.759430	7700.000000	-6.729732
1249.378152	2330.591762	7710.000000	52.674664
1079.706832	2128.656508	7720.000000	9.944105
2411.770525	1944.453760	7730.000000	22.811453
4780.391221	1256.172235	7740.000000	20.273085
2638.577504	1163.331185	7750.000000	7.676910
4103.071204	457.295162	7760.000000	23.326866
2789.607878	744.266746	7770.000000	36.379478
2955.250007	722.765772	7780.000000	13.146757
3035.309386	698.201539	7790.000000	26.056624
4721.086613	310.896390	7800.000000	29.413499
5534.491022	631.809394	7810.000000	25.246938
3444.902669	806.281726	7820.000000	21.335729
4045.389473	535.082977	7830.000000	37.294655
3662.405566	713.178814	7840.000000	26.642724
3330.111099	819.086998	7850.000000	25.585289
3267.998857	1177.740888	7860.000000	12.576797
4058.353695	824.390708	7870.000000	24.187190
2404.165329	1426.464728	7880.000000	5.697217
5979.662476	619.330667	7890.000000	26.100414
3814.826618	1350.314232	7900.000000	18.768825
3324.813877	1963.981924	7910.000000	24.080005
1637.399426	2083.776063	7920.000000	6.567108
3457.378863	1837.126396	7930.000000	18.293065
3944.981547	1128.096088	7940.000000	13.212962
1937.427336	1595.898512	7950.000000	13.684073
3142.658613	1905.848042	7960.000000	20.481500
2138.044799	1157.944857	7970.000000	-13.241641
2772.770826	1779.580209	7980.000000	28.147730
1618.573053	2513.621362	7990.000000	40.703403
1924.009753	3500.168284	8000.000000	16.555599
1846.444673	2091.248681	8010.000000	12.928588
4030.542711	1239.447821	8020.000000	27.858357
2219.313334	676.768306	8030.000000	21.217765
3820.003252	852.866884	8040.000000	19.935179
2832.924558	1381.695905	8050.000000	12.884538
3659.788110	952.666618	8060.000000	25.485212
3361.749518	862.052894	8070.000000	17.577220
2305.519042	1261.901275	8080.000000	4.821128
3101.118679	1377.129040	8090.000000	32.316845
3473.618057	1609.246829	8100.000000	30.823067
3315.041481	1045.289800	8110.000000	26.371554
2450.133884	933.402618	8120.000000	10.214714
3691.886732	510.607512	8130.000000	8.239115
3657.320241	1563.305131	8140.000000	21.041295
2842.789217	1125.320928	8150.000000	26.039786
4528.385941	372.308718	8160.000000	9.649012
2769.758667	724.644387	8170.000000	18.541057
3131.115939	2502.050131	8180.000000	27.506127
2251.911185	1403.143465	8190.000000	3.143071
2905.558882	1699.928160	8200.000000	23.266413
3634.562079	2023.679079	8210.000000	30.149783
3634.760998	977.156903	8220.000000	23.724108
2171.851966	1848.134790	8230.000000	34.031495
2150.738813	1734.624866	8240.000000	-0.157768
3864.933048	1199.571654	8250.000000	34.181101
2663.932125	619.936543	8260.000000	23.028850
1916.048883	1371.599200	8270.000000	19.747319
3303.798657	1405.807233	8280.000000	30.791437
2960.861139	861.198190	8290.000000	34.492368
2590.138186	2100.113196	8300.000000	31.301790
2408.569297	2182.871171	8310.000000	15.862971
3627.209067	1539.403768	8320.000000	30.118704
2078.052220	1634.304871	8330.000000	13.640215
2594.136816	1392.420734	8340.000000	22.975650
1989.729260	1116.634446	8350.000000	8.110804
1339.839710	1284.019625	8360.000000	12.692125
1358.416874	1590.676171	8370.000000	35.122740
1223.332430	2426.143887	8380.000000	14.199393
2489.604514	1921.640666	8390.000000	1.679124
3099.889892	1902.250316	8400.000000	7.986330
1638.513584	1795.559550	8410.000000	-0.143956
1518.046827	4365.789484	8420.000000	18.623242
1404.856757	3332.310839	8430.000000	16.380337
2041.082132	3992.339622	8440.000000	22.750828
2204.390409	2906.861554	8450.000000	8.049702
3457.385507	2803.353119	8460.000000	26.870290
4604.314476	1065.610986	8470.000000	18.473816
2605.188314	994.112201	8480.000000	24.715414
3623.234266	744.297210	8490.000000	22.864251
3254.175891	843.430999	8500.000000	18.417908
5732.030130	298.506810	8510.000000	22.790432
3460.238466	373.987043	8520.000000	25.299773
3525.756749	492.145178	8530.000000	23.126011
2954.745939	494.322723	8540.000000	6.898922
3201.821550	543.961178	8550.000000	12.445284
4150.936448	392.294254	8560.000000	30.363318
3170.078777	582.814254	8570.000000	11.631590
2887.074347	2061.264188	8580.000000	24.535896
3655.647334	1024.047911	8590.000000	30.597510
2087.635762	1545.610671	8600.000000	11.301231
2309.068724	2665.874570	8610.000000	29.344015
4212.327269	1568.546691	8620.000000	24.622620
2283.981243	1403.077143	8630.000000	11.467291
2198.177204	696.730775	8640.000000	6.639744
3291.995435	558.035686	8650.000000	23.203802
2254.863652	554.692076	8660.000000	22.147649
2977.477514	604.944281	8670.000000	8.409469
2474.883849	608.358837	8680.000000	-3.646619
4150.754055	956.443540	8690.000000	29.832745
5718.929610	515.852451	8700.000000	29.257573
2542.196588	928.367182	8710.000000	13.346623
3847.999755	875.705338	8720.000000	20.874382
2280.323820	2880.742380	8730.000000	16.927661
2152.253634	1904.842051	8740.000000	14.276675
1541.020208	2265.278661	8750.000000	39.611139
1954.779685	1812.652272	8760.000000	20.502743
4641.779816	961.636265	8770.000000	28.105684
2318.057900	1516.044589	8780.000000	16.072604
3130.525313	949.196021	8790.000000	14.531350
2316.144947	578.978703	8800.000000	40.252612
2793.947721	1140.168104	8810.000000	-4.068709
2874.636155	2374.556343	8820.000000	18.936310
3646.045643	1580.815068	8830.000000	32.021549
2043.200610	1819.674571	8840.000000	12.074667
2718.585686	1179.957650	8850.000000	34.864501
4830.232714	814.064912	8860.000000	27.785769
2867.116686	1102.575966	8870.000000	12.094233
2443.298507	1645.134991	8880.000000	4.012202
1763.472656	4241.278019	8890.000000	38.176789
2999.715951	2612.512060	8900.000000	26.312340
3712.618170	547.970470	8910.000000	9.067604
2052.322009	1054.535719	8920.000000	6.530556
2158.615864	1132.118030	8930.000000	41.333102
1855.494937	1457.812632	8940.000000	0.700141
1413.776273	1642.435549	8950.000000	12.836345
2232.442413	3127.427118	8960.000000	25.110981
1966.614017	1774.009716	8970.000000	4.024172
966.934698	3523.897628	8980.000000	8.054780
1883.578606	2352.047362	8990.000000	9.861284
1278.891714	1761.631916	9000.000000	20.062332
2258.589227	1027.397846	9010.000000	32.761647
2639.157279	1025.154605	9020.000000	21.973974
2115.233318	2966.201648	9030.000000	16.738210
2822.254172	1531.061101	9040.000000	23.285505
1596.394148	908.233654	9050.000000	7.981079
3097.735799	923.147756	9060.000000	12.102478
2563.589105	1986.849708	9070.000000	16.622293
2745.236933	1870.269303	9080.000000	31.553426
3269.189220	1541.870727	9090.000000	22.985200
2163.579356	1213.086960	9100.000000	20.471877
4023.680273	505.634806	9110.000000	34.129674
1707.072538	717.992638	9120.000000	5.079318
2197.971026	1341.425709	9130.000000	38.526587
1637.724063	1443.059550	9140.000000	22.471622
2299.102219	2441.718530	9150.000000	3.415761
2362.418468	1925.451709	9160.000000	-3.668879
3801.843046	1023.485099	9170.000000	16.596483
2557.480543	1037.746575	9180.000000	21.207567
4729.759739	1045.821451	9190.000000	31.913612
2318.396109	1122.331160	9200.000000	2.483457
1455.359579	1840.141584	9210.000000	18.156300
3132.928650	1932.589651	9220.000000	21.332492
1536.046499	3484.399204	9230.000000	10.605235
1177.283636	3014.887196	9240.000000	52.062504
1947.843200	1842.754062	9250.000000	47.155246
2075.195663	1851.045519	9260.000000	23.905089
3705.229445	872.807219	9270.000000	22.914474
3204.721928	772.269199	9280.000000	4.441837
2747.615583	1536.529537	9290.000000	25.718762
2445.626150	1527.320422	9300.000000	15.833423
3547.850951	1114.023055	9310.000000	30.823662
3524.759998	905.707020	9320.000000	12.257950
3362.840248	536.056219	9330.000000	25.390576
2705.388924	485.219992	9340.000000	10.678965
2582.480842	499.399417	9350.000000	5.189955
2292.350055	2426.320278	9360.000000	18.174066
2705.706958	2383.480985	9370.000000	18.441698
3598.502337	915.504477	9380.000000	4.494787
2141.673141	892.432543	9390.000000	11.083678
2712.904447	796.230372	9400.000000	5.957973
2382.130188	888.155650	9410.000000	15.268883
2943.841338	1002.741459	9420.000000	25.831823
1094.288222	2731.940415	9430.000000	12.131072
2943.697290	990.205624	9440.000000	31.482529
4295.575545	642.718401	9450.000000	22.425547
4229.483166	639.942755	9460.000000	11.245119
2633.300197	840.465709	9470.000000	21.695307
2374.369889	1922.683103	9480.000000	17.116015
2494.951984	1463.883541	9490.000000	12.003253
2718.744669	1806.000713	9500.000000	31.893304
1886.306831	1790.848747	9510.000000	31.434700
3261.843753	747.433930	9520.000000	38.872291
2164.046106	1375.850044	9530.000000	36.538838
2588.816030	1249.039074	9540.000000	33.287421
3824.949618	886.546153	9550.000000	22.573850
3497.535055	751.074512	9560.000000	23.805124
3588.404679	813.072893	9570.000000	25.888207
2771.703278	416.144525	9580.000000	47.697440
2588.706700	3197.142429	9590.000000	18.457024
2218.531381	3431.534758	9600.000000	27.323813
5219.634296	952.629140	9610.000000	26.916622
4008.723296	1498.322419	9620.000000	16.948665
2219.556114	1626.973513	9630.000000	8.524323
1025.481728	1513.289747	9640.000000	6.186660
2043.835573	1249.128633	9650.000000	25.770965
2734.569080	3166.976452	9660.000000	18.845693
3360.477484	1688.104460	9670.000000	18.504848
1615.221052	1221.109345	9680.000000	45.466103
1946.639401	3078.247164	9690.000000	20.333099
3213.367767	1030.751419	9700.000000	23.514514
2398.923786	1947.492734	9710.000000	11.728406
1891.784241	2511.436298	9720.000000	18.022064
2184.829224	1114.035380	9730.000000	35.256307
1917.528830	1620.887428	9740.000000	0.621089
1537.187736	3630.358200	9750.000000	18.546419
3420.444356	1271.570147	9760.000000	13.364233
3179.958822	1748.774108	9770.000000	21.677389
1742.041886	1864.914941	9780.000000	20.839975
1402.076613	3020.291889	9790.000000	19.448421
2112.528860	2750.968289	9800.000000	28.247493
2675.038810	1680.557859	9810.000000	19.363522
4823.649152	512.690514	9820.000000	31.552787
2417.314368	891.632399	9830.000000	17.288731
2593.975009	391.538296	9840.000000	45.852222
1573.983686	805.915572	9850.000000	4.385577
2515.927626	1065.099457	9860.000000	7.607471
4076.656282	665.092904	9870.000000	31.030186
3408.886065	1505.890369	9880.000000	22.861742
1295.549493	3150.971482	9890.000000	9.460827
2191.591442	1234.936729	9900.000000	22.113949
2500.857784	2284.192131	9910.000000	17.516124
2811.738618	3280.058871	9920.000000	28.279449
2098.635464	2176.199467	9930.000000	27.489170
1609.531099	1692.211683	9940.000000	37.475063
1401.908661	1172.188133	9950.000000	37.325193
1897.452870	887.093188	9960.000000	11.351769
4322.535299	1380.486059	9970.000000	23.763939
3350.255608	724.618888	9980.000000	7.773421
2406.905057	3434.877840	9990.000000	20.998602
2253.885473	2741.433367	10000.000000	17.524010
4223.622601	1335.174164	10010.000000	22.669769
2473.075517	2065.081818	10020.000000	21.319868
1789.978843	2169.429714	10030.000000	22.780628
2388.362470	931.680335	10040.000000	25.695024
2122.099436	922.587754	10050.000000	10.533220
3030.723744	1839.322507	10060.000000	20.845960
4699.460048	916.150265	10070.000000	19.079899
2892.258357	2156.348672	10080.000000	26.603184
2644.906800	1519.213418	10090.000000	26.992056
4143.864716	1961.204815	10100.000000	19.985136
2062.647217	2274.932514	10110.000000	15.707901
3999.197270	1205.719659	10120.000000	1.753872
1885.686670	1459.128102	10130.000000	12.237959
2936.044923	661.580552	10140.000000	29.546511
3095.181187	1651.954363	10150.000000	22.495670
2349.949196	763.968897	10160.000000	32.126957
2772.623215	1264.798831	10170.000000	16.992170
1688.747632	1697.238655	10180.000000	10.471509
2937.201659	1421.493232	10190.000000	19.676852
4065.412672	1242.638879	10200.000000	20.424949
2700.214107	728.750249	10210.000000	10.987534
1623.306829	1682.545157	10220.000000	4.984352
3154.951435	2306.092010	10230.000000	16.966056
2516.545148	2882.499376	10240.000000	16.907337
1966.099078	1335.782112	10250.000000	12.226496
2458.451137	1411.175235	10260.000000	10.694572
3529.218113	976.459077	10270.000000	4.721186
2555.019813	1075.247193	10280.000000	10.898045
2048.755776	955.913760	10290.000000	36.884980
3404.277624	1004.158393	10300.000000	27.990085
1704.793102	837.207115	10310.000000	8.117971
1459.464859	988.402851	10320.000000	12.008512
2393.339179	1013.721510	10330.000000	7.121479
3195.409962	1564.490806	10340.000000	14.762175
3885.265996	775.745222	10350.000000	27.234321
2349.812402	2108.489692	10360.000000	14.613883
3403.357725	1397.941582	10370.000000	38.448744
2008.485138	2565.116089	10380.000000	20.928183
3412.784579	1255.065214	10390.000000	22.622916
3142.504666	1498.138702	10400.000000	46.052501
3207.711244	1513.461022	10410.000000	11.349216
6728.998452	533.237360	10420.000000	26.725126
2576.122898	1595.354065	10430.000000	17.967851
2002.741845	1610.586159	10440.000000	12.800428
1401.868242	1947.565158	10450.000000	39.951920
4181.824995	558.637336	10460.000000	23.693341
2364.992192	1233.789058	10470.000000	10.513679
1850.617895	3757.235243	10480.000000	17.339334
4421.020871	1243.409185	10490.000000	32.908442
1811.717920	1083.107039	10500.000000	12.254319
2598.589707	1143.875532	10510.000000	21.517544
3288.902602	1023.556700	10520.000000	16.087987
2830.984881	1591.739038	10530.000000	15.093893
3528.801951	2074.862954	10540.000000	19.088072
4777.757879	743.184442	10550.000000	33.077177
1461.773418	1466.586858	10560.000000	37.031519
2222.643514	2060.724421	10570.000000	8.494425
1209.169300	2384.280271	10580.000000	5.512590
2570.216750	1250.647068	10590.000000	10.754288
1994.455624	2623.629119	10600.000000	18.237719
2021.785275	1663.740484	10610.000000	17.501210
1722.832837	2974.793412	10620.000000	14.617274
2292.013810	1613.392275	10630.000000	26.260623
4020.726063	658.947275	10640.000000	32.121678
3913.612125	560.049073	10650.000000	22.994063
2615.063310	498.857770	10660.000000	47.068822
1823.531011	1241.583929	10670.000000	13.179827
1661.722117	1650.418894	10680.000000	9.317428
1438.091861	1501.143561	10690.000000	11.854279
2328.998765	887.414746	10700.000000	10.960009
3699.268196	1313.483517	10710.000000	18.893689
2804.155165	1807.455142	10720.000000	7.059080
3095.825128	1789.491450	10730.000000	30.073136
4359.892380	2139.234634	10740.000000	22.313293
2868.623746	2040.009110	10750.000000	29.021400
1927.100265	2330.881885	10760.000000	15.989741
2923.842114	1129.084468	10770.000000	3.843077
4536.514559	466.608470	10780.000000	38.780056
3483.901126	885.724643	10790.000000	13.784403
2933.160737	687.611727	10800.000000	6.693617
2427.382393	493.197951	10810.000000	46.065850
2918.595679	675.192528	10820.000000	35.503987
3307.336454	687.109428	10830.000000	5.916974
4538.606475	449.737270	10840.000000	23.385820
5118.916358	771.008473	10850.000000	24.393607
3614.076329	881.242797	10860.000000	7.842157
2082.936380	650.547129	10870.000000	35.246655
2500.856518	462.403954	10880.000000	5.493789
3226.137147	708.258801	10890.000000	32.478973
2208.827777	748.854856	10900.000000	25.491220
3036.328115	1846.562877	10910.000000	26.422348
2116.251307	2588.590701	10920.000000	8.332869
3276.622547	1864.217954	10930.000000	32.250639
3549.041066	1866.521818	10940.000000	13.660931
3361.271983	1092.996445	10950.000000	24.119099
2289.433351	870.507932	10960.000000	37.652213
3017.040402	661.351499	10970.000000	22.174106
4847.436086	529.846608	10980.000000	24.482374
3222.712648	697.848345	10990.000000	27.906901
1882.923559	1075.455175	11000.000000	13.622340
3232.933557	1277.120078	11010.000000	14.133616
2896.483051	1075.832947	11020.000000	33.101042
2766.582827	1684.092102	11030.000000	31.950890
4232.798330	777.879576	11040.000000	23.015359
2188.692056	789.382194	11050.000000	15.720573
1880.486372	842.215690	11060.000000	4.680240
2047.173671	1952.069496	11070.000000	10.595650
3835.959626	1464.608174	11080.000000	29.472752
2684.667447	1684.675922	11090.000000	22.471247
1901.911004	2405.846187	11100.000000	22.104184
2645.405066	3652.426814	11110.000000	18.180115
3517.674544	1786.381984	11120.000000	29.594605
2518.034638	2122.674138	11130.000000	24.494623
1440.273147	1468.283668	11140.000000	13.577935
1742.654162	1038.259187	11150.000000	-0.769763
1413.015107	2903.919000	11160.000000	22.273460
2495.293257	3076.460912	11170.000000	23.172969
1793.064185	1108.266705	11180.000000	13.420345
1837.501321	1359.760690	11190.000000	10.271595
2506.409830	1459.485174	11200.000000	16.675680
3163.576944	1006.472999	11210.000000	8.475025
3446.633012	698.222801	11220.000000	-1.199831
3376.024038	964.556919	11230.000000	18.541325
3325.561512	1645.113357	11240.000000	22.490199
2461.090918	1754.551182	11250.000000	15.368045
2186.516433	2084.430504	11260.000000	18.458426
1394.536149	2403.569991	11270.000000	14.523979
1029.700726	1716.188070	11280.000000	3.967028
2003.436310	1812.685780	11290.000000	21.636861
3198.296892	1068.517367	11300.000000	36.050449
2804.933287	780.354110	11310.000000	10.941984
3406.238478	755.216257	11320.000000	26.073580
2390.757911	1469.240886	11330.000000	23.607401
2487.303822	2854.526052	11340.000000	17.300925
2383.844998	1753.356290	11350.000000	5.967354
2647.234596	1168.423554	11360.000000	9.649540
3710.325367	1017.489486	11370.000000	25.673317
2217.313881	669.941008	11380.000000	20.031308
2507.441794	640.042169	11390.000000	9.209176
5735.168895	888.317591	11400.000000	28.608523
3150.150002	1081.566199	11410.000000	19.668884
2608.145753	1491.489274	11420.000000	10.016850
1241.122605	1196.223665	11430.000000	4.361512
2041.160625	1295.053900	11440.000000	31.334419
2270.645940	726.335934	11450.000000	2.985239
2248.489961	1046.663268	11460.000000	1.156998
3611.344462	827.047627	11470.000000	29.711664
2835.912238	990.524826	11480.000000	22.343558
2801.075712	867.771913	11490.000000	33.921997
3568.352665	679.703376	11500.000000	33.399343
2850.755825	495.946499	11510.000000	-8.249465
4820.990157	656.605752	11520.000000	31.731168
4410.561128	296.468142	11530.000000	18.788659
4955.405714	142.761006	11540.000000	21.944673
4279.462813	537.353254	11550.000000	24.912129
4289.943312	415.449889	11560.000000	24.836791
3462.502294	671.923674	11570.000000	18.966243
5243.885382	682.985699	11580.000000	31.587714
2790.489299	706.442052	11590.000000	8.742310
5261.125115	1119.048070	11600.000000	29.180432
3038.961754	985.019881	11610.000000	23.846734
2940.539517	1516.378586	11620.000000	24.411941
4166.693627	857.229597	11630.000000	23.481304
1959.086839	2188.705603	11640.000000	15.784528
1357.244729	2492.947267	11650.000000	25.203311
2921.084813	1323.741577	11660.000000	23.230272
2842.781893	1735.385181	11670.000000	1.449168
1983.849717	1295.099552	11680.000000	3.990482
1552.964981	2671.301436	11690.000000	7.225683
3301.622289	1504.396655	11700.000000	27.724080
3550.010330	2064.685309	11710.000000	21.222697
1391.787202	4410.826009	11720.000000	43.473435
1375.091601	2970.424628	11730.000000	4.109448
2058.023308	1520.495705	11740.000000	12.258351
2739.155825	606.885465	11750.000000	12.944202
3246.055499	834.732200	11760.000000	25.553004
5807.659582	1019.741031	11770.000000	31.713424
2390.523616	574.652374	11780.000000	41.527104
3000.458741	572.174692	11790.000000	3.699536
1883.642453	421.726198	11800.000000	10.517140
2999.293785	686.144508	11810.000000	8.875493
3379.742681	930.523148	11820.000000	19.823593
2317.532146	715.070645	11830.000000	7.739321
3825.877360	715.242739	11840.000000	21.221484
2160.343933	1530.501606	11850.000000	18.756191
3299.412402	1391.395507	11860.000000	31.703283
2896.494002	839.488252	11870.000000	24.422790
2130.641776	776.878121	11880.000000	-6.748569
2602.917987	1846.720569	11890.000000	14.484899
1971.697219	1030.249121	11900.000000	29.842944
2002.885046	1398.198016	11910.000000	15.332678
2046.830073	1121.588161	11920.000000	12.496341
1920.653597	1545.234284	11930.000000	33.290195
3224.653767	1133.805449	11940.000000	9.625875
4304.870743	329.571544	11950.000000	29.418062
2977.219302	293.984500	11960.000000	12.975464
5025.110029	298.571550	11970.000000	25.753408
2151.737952	796.673395	11980.000000	5.986577
4235.330578	840.323738	11990.000000	17.402731
4861.692922	987.532810	12000.000000	32.428748
3412.252297	820.608681	12010.000000	33.289476
4415.599887	881.803729	12020.000000	17.732976
3432.783877	687.468104	12030.000000	18.568885
3137.307635	827.286614	12040.000000	19.916829
3570.180051	844.769834	12050.000000	24.423632
2915.327709	1175.709497	12060.000000	14.614083
3329.618254	641.077144	12070.000000	22.587371
4512.937842	391.912930	12080.000000	23.136381
3437.437177	311.441002	12090.000000	9.222167
2899.768665	398.054409	12100.000000	25.573146
6027.852621	265.981742	12110.000000	29.182767
3527.891780	303.758613	12120.000000	20.258401
4610.140950	247.391900	12130.000000	26.792425
6139.767252	278.454685	12140.000000	31.426943
3138.081077	782.625810	12150.000000	6.567375
1949.159589	1652.903507	12160.000000	33.388958
2363.678064	2849.316570	12170.000000	21.296228
1918.387351	2236.694850	12180.000000	9.944693
3825.908332	782.384376	12190.000000	36.086721
3951.228230	1240.371811	12200.000000	30.524059
2179.721792	1111.342802	12210.000000	14.318777
2356.118268	1905.262245	12220.000000	17.995629
2340.878012	1605.306379	12230.000000	23.854083
5129.677083	1189.039555	12240.000000	28.841827
3694.439430	979.185225	12250.000000	25.276805
1934.114321	2873.323673	12260.000000	14.084756
5265.354080	1063.098512	12270.000000	25.779022
4609.206989	543.237977	12280.000000	29.739598
3336.236646	641.753828	12290.000000	8.480494
2620.729555	1559.875073	12300.000000	15.407707
1527.830502	1565.465212	12310.000000	13.124370
3080.346040	1632.121350	12320.000000	35.962967
4499.489457	1850.618497	12330.000000	30.791330
1510.116848	2462.914542	12340.000000	8.856124
1841.029452	1303.275298	12350.000000	52.488895
1344.938380	1702.495881	12360.000000	37.227255
3453.575024	1537.264415	12370.000000	26.337837
3346.721346	1169.340525	12380.000000	32.403003
2274.175668	1419.909121	12390.000000	15.787242
2253.843107	1276.662086	12400.000000	24.953518
2500.200444	985.920315	12410.000000	17.632571
3259.216044	998.591113	12420.000000	11.276711
4869.872237	803.630014	12430.000000	21.311584
4437.802692	879.052223	12440.000000	23.611463
4282.299790	737.918360	12450.000000	22.977718
2976.745388	761.324601	12460.000000	6.543890
1413.456932	665.349097	12470.000000	16.002541
4066.033394	983.924196	12480.000000	30.733413
2951.992745	1466.396086	12490.000000	19.320443
1282.443953	2153.645165	12500.000000	14.510287
1609.040641	3748.418623	12510.000000	14.765692
2464.917561	2301.498388	12520.000000	31.439579
2792.400709	2065.638510	12530.000000	14.068135
3039.508411	1347.906910	12540.000000	1.155996
3893.895369	815.742714	12550.000000	27.080178
3718.853421	1644.029060	12560.000000	26.866320
2684.142588	3121.323121	12570.000000	20.858344
4173.629100	881.360682	12580.000000	40.340501
3215.746821	830.129239	12590.000000	28.285013
3041.759376	991.445690	12600.000000	40.843383
3710.453904	881.665468	12610.000000	9.085633
2707.431216	1033.834068	12620.000000	17.633881
2283.001847	1790.041516	12630.000000	15.933173
1633.049966	1765.484326	12640.000000	6.819195
2916.184556	1105.728349	12650.000000	22.786103
2465.402722	1531.709227	12660.000000	6.192405
5857.645511	927.670036	12670.000000	30.868156
2575.297546	939.168312	12680.000000	18.247492
3466.429212	540.371749	12690.000000	6.001928
4821.355908	284.061081	12700.000000	24.183870
2672.516384	261.969681	12710.000000	21.194583
6895.697318	150.068284	12720.000000	22.182184
3136.252799	137.463581	12730.000000	10.279612
1945.754101	272.522444	12740.000000	12.754824
4809.613817	706.410387	12750.000000	29.641673
3264.139296	1928.408862	12760.000000	22.795240
2099.169921	1880.688322	12770.000000	20.422324
3826.207584	1773.953753	12780.000000	33.115155
1801.405397	2801.216319	12790.000000	42.103341
2693.359527	2039.986466	12800.000000	29.448741
2841.428245	1371.765310	12810.000000	16.565924
1662.609345	1669.458565	12820.000000	26.150752
1405.241961	2762.894966	12830.000000	14.099171
3043.975081	3055.107310	12840.000000	19.105484
2402.216058	2319.490518	12850.000000	15.862745
1941.000238	2470.609765	12860.000000	12.229521
1601.691303	1609.193217	12870.000000	7.627922
765.064068	3868.620548	12880.000000	42.838190
2378.128058	2271.607626	12890.000000	28.520790
2303.143181	1470.219889	12900.000000	27.891698
2658.873147	1108.712044	12910.000000	26.058251
3289.639466	1011.999878	12920.000000	25.148929
3420.146557	516.311016	12930.000000	19.368509
2152.477307	832.004927	12940.000000	33.775183
3410.180269	1230.021733	12950.000000	17.133659
4359.410513	887.527889	12960.000000	29.510249
3390.662640	430.911753	12970.000000	15.867311
2776.221223	678.474588	12980.000000	2.899347
3154.911647	699.790795	12990.000000	12.451185
2141.467038	1116.161693	13000.000000	5.542775
2353.139397	1459.752749	13010.000000	11.465232
4677.243276	1479.795738	13020.000000	19.175112
2460.923849	3284.608884	13030.000000	25.896518
1705.312989	5039.980520	13040.000000	19.868938
1571.299287	3036.050271	13050.000000	2.654108
2082.242703	2845.306361	13060.000000	28.952966
2196.294646	1731.227054	13070.000000	44.308876
2447.481142	2241.470840	13080.000000	29.519172
2374.198319	1148.405625	13090.000000	2.418832
3191.487703	1246.327272	13100.000000	16.507924
4316.951186	835.013730	13110.000000	18.074783
4031.129034	332.096416	13120.000000	33.621596
2633.044251	520.402377	13130.000000	35.151527
3373.019971	216.191817	13140.000000	29.180813
2714.097928	525.280541	13150.000000	17.628812
4088.216406	855.851961	13160.000000	12.585566
5306.439764	361.454201	13170.000000	24.269049
4853.667993	521.810490	13180.000000	21.866919
1960.835380	1079.922713	13190.000000	4.286600
2601.361298	1881.475848	13200.000000	22.298102
3534.292865	1804.579957	13210.000000	14.770852
2448.038638	3188.636545	13220.000000	19.086955
1891.126316	3635.712614	13230.000000	17.597941
1719.454570	3224.519427	13240.000000	29.997911
1043.497934	2062.280653	13250.000000	42.255233
1777.578695	1891.220134	13260.000000	21.297911
2710.237889	1805.606103	13270.000000	27.032701
1432.159293	2094.171189	13280.000000	35.176920
1957.944887	1496.291905	13290.000000	-1.395805
2820.914592	1424.151853	13300.000000	28.436149
2676.546877	1003.927787	13310.000000	15.843270
2525.979685	1505.914680	13320.000000	20.849391
2629.237870	2002.084945	13330.000000	23.690819
4773.105197	1257.642841	13340.000000	23.869181
3552.338987	1111.960428	13350.000000	32.244524
2550.911429	760.475916	13360.000000	14.050453
4059.625616	497.289467	13370.000000	24.369541
4730.977740	390.468120	13380.000000	22.068204
2599.083289	287.776329	13390.000000	39.415086
2499.164053	783.777251	13400.000000	15.297686
2344.261018	2149.996743	13410.000000	15.961167
2027.182880	2207.339061	13420.000000	27.219063
1794.813689	3596.130043	13430.000000	21.697078
2041.522710	4390.007098	13440.000000	17.708958
3285.489981	993.525655	13450.000000	30.145535
2945.389287	1427.553101	13460.000000	14.778253
3470.007572	1039.609250	13470.000000	21.093939
2016.047560	817.291166	13480.000000	27.004714
3068.523793	960.254790	13490.000000	19.426088
3596.888692	1347.598772	13500.000000	29.539665
2198.270081	1430.600459	13510.000000	31.151560
3438.523354	1082.012566	13520.000000	35.159029
2783.608201	922.243663	13530.000000	4.102072
2443.605546	2859.647438	13540.000000	14.799408
3215.458960	2516.837628	13550.000000	26.351456
1997.845005	3745.933595	13560.000000	-3.087813
3169.973871	2555.144139	13570.000000	23.572697
2256.166112	1693.176965	13580.000000	30.053703
3460.504797	2437.768578	13590.000000	17.179534
3441.649642	1611.410959	13600.000000	30.317291
2197.481827	2495.533037	13610.000000	21.112630
1574.593795	2082.664210	13620.000000	20.986470
1762.660833	1761.039243	13630.000000	34.321042
1388.367151	5546.817467	13640.000000	19.018753
1645.274649	1893.433134	13650.000000	-3.254357
1255.429229	1738.106985	13660.000000	20.660725
4619.588796	982.193887	13670.000000	29.966356
2320.684468	1891.127508	13680.000000	12.775644
2531.552344	1380.334547	13690.000000	10.201470
2228.513337	1736.677100	13700.000000	3.087517
1664.776817	3491.030394	13710.000000	19.757036
3573.306252	1564.200255	13720.000000	22.390830
4603.360399	598.265276	13730.000000	11.833162
2772.319625	1229.400435	13740.000000	35.719486
5198.418540	1691.352316	13750.000000	30.294868
1762.748030	2804.634435	13760.000000	13.209204
2621.790461	3722.797951	13770.000000	20.634347
1613.885018	2556.477122	13780.000000	10.643085
1906.909058	1650.008475	13790.000000	21.712144
3721.656193	1344.828726	13800.000000	11.118996
2740.724425	1192.202537	13810.000000	21.328740
3063.587417	1038.078578	13820.000000	11.430040
5314.298199	696.622963	13830.000000	26.454327
2209.087111	1399.760516	13840.000000	17.081576
2447.791545	1949.841225	13850.000000	13.777456
4058.816157	1856.322638	13860.000000	25.509841
2335.284094	1062.673331	13870.000000	10.173253
2069.779092	1011.658548	13880.000000	41.734887
2916.923671	593.108430	13890.000000	35.169247
2359.702210	639.418105	13900.000000	14.914563
2851.394206	294.454581	13910.000000	-14.918511
2418.404904	479.244986	13920.000000	27.095958
3991.612268	1251.059632	13930.000000	26.839983
3915.298864	558.084251	13940.000000	20.731449
1360.688045	1714.886916	13950.000000	4.379661
2011.184052	2017.143923	13960.000000	22.778674
3783.509469	1832.001738	13970.000000	29.262338
4385.829521	1806.581241	13980.000000	31.277614
2306.017721	1156.984313	13990.000000	11.274213
2630.414606	843.363723	14000.000000	3.960486
1736.774665	1094.981593	14010.000000	-0.999551
2107.371390	1569.034347	14020.000000	5.918387
1405.683496	2117.537312	14030.000000	22.577774
1995.064531	2841.284962	14040.000000	12.169374
1515.637790	2178.106621	14050.000000	37.120163
4100.761551	1175.415668	14060.000000	34.231035
2894.258440	2228.104020	14070.000000	33.333337
3882.640150	1565.510911	14080.000000	14.908051
2176.416944	1252.603159	14090.000000	31.984027
3595.868747	669.978420	14100.000000	26.604368
2119.103037	868.539137	14110.000000	10.780057
3749.257719	1729.464956	14120.000000	15.175945
1942.780748	2338.973263	14130.000000	13.994064
1579.457605	2791.267067	14140.000000	19.256584
2794.891617	2100.439843	14150.000000	13.097291
1646.356958	1610.223567	14160.000000	14.587308
1489.328642	1943.198423	14170.000000	32.797503
1194.102701	4108.015261	14180.000000	26.091395
985.791184	3173.750609	14190.000000	5.519459
1630.321008	2099.884557	14200.000000	43.899307
5271.611245	756.032936	14210.000000	26.860881
3921.765256	395.410026	14220.000000	26.920029
3066.887538	348.162382	14230.000000	2.387259
2367.466194	582.030043	14240.000000	16.712930
2387.405962	1755.522190	14250.000000	11.814309
1988.697860	1552.808805	14260.000000	38.312421
3670.543772	1058.776914	14270.000000	12.648409
2255.118498	1083.574202	14280.000000	17.918406
3136.207414	2641.948666	14290.000000	23.367707
1735.116561	2402.661257	14300.000000	15.581314
2129.131107	1158.570423	14310.000000	39.696141
4709.202181	933.644815	14320.000000	29.965727
3697.248988	617.566766	14330.000000	6.888094
4154.376282	1416.498473	14340.000000	16.223762
1185.370430	1060.104329	14350.000000	9.696498
1321.749259	1630.059777	14360.000000	34.666826
1625.060019	1830.684921	14370.000000	39.208824
2358.620337	1324.556214	14380.000000	24.766052
2051.343795	1279.610106	14390.000000	37.080632
4272.722640	1071.151790	14400.000000	29.609520
3267.286800	1008.005697	14410.000000	21.564128
2774.566079	1012.058596	14420.000000	7.506158
4258.825486	530.906873	14430.000000	23.287252
4952.831960	504.294395	14440.000000	31.845411
2640.427380	556.104996	14450.000000	27.954608
3344.235475	823.146890	14460.000000	1.914392
3012.631397	760.340732	14470.000000	6.441641
3497.533814	604.330716	14480.000000	2.908092
5367.564452	263.448374	14490.000000	24.072476
4813.572135	166.167238	14500.000000	27.315757
2382.182707	242.505943	14510.000000	33.584088
3873.446359	260.587016	14520.000000	12.779550
2828.816392	451.146661	14530.000000	20.674904
2785.173770	1158.738718	14540.000000	34.061021
1946.175508	1348.352547	14550.000000	38.019057
5007.182314	1152.592702	14560.000000	31.494984
3688.337821	903.557179	14570.000000	13.693152
4170.883265	496.953354	14580.000000	4.628923
1898.641802	542.851985	14590.000000	3.202850
2223.116124	1154.412320	14600.000000	22.358473
2666.198913	663.701461	14610.000000	11.045426
4252.820814	862.979612	14620.000000	18.628908
4420.751372	619.593043	14630.000000	27.387555
5042.923405	1025.281037	14640.000000	23.907333
3741.261309	1140.358075	14650.000000	15.393694
2911.521008	579.680899	14660.000000	5.416804
3687.483084	1621.785852	14670.000000	16.036353
5450.255228	839.403348	14680.000000	26.965605
3595.249495	980.596698	14690.000000	18.937784
2322.946303	886.541053	14700.000000	12.556194
3595.441570	656.624654	14710.000000	26.557531
5126.061494	665.104729	14720.000000	22.371390
3155.512210	859.173213	14730.000000	17.911370
3257.155098	830.381214	14740.000000	34.874248
2824.222916	1082.108556	14750.000000	12.736194
1311.364487	1467.975117	14760.000000	15.949444
2083.726003	2750.752942	14770.000000	31.065202
2498.554759	1183.854731	14780.000000	26.942124
3978.391374	921.089786	14790.000000	8.755111
3086.039579	1510.345031	14800.000000	16.669158
1913.556314	1587.815308	14810.000000	9.242420
3001.597429	2374.365450	14820.000000	15.796203
2048.802510	2134.949546	14830.000000	10.670893
1781.278905	1698.873926	14840.000000	1.889225
1815.316102	1780.728072	14850.000000	38.452193
2485.821773	1073.949559	14860.000000	15.095253
4911.657206	1124.921887	14870.000000	30.041783
3178.862495	1568.549343	14880.000000	22.238258
2602.728716	1415.543885	14890.000000	1.112917
2508.516594	1864.300698	14900.000000	6.998582
1734.364096	1203.367966	14910.000000	14.522405
2212.116456	1005.357844	14920.000000	11.737955
3330.648864	909.200199	14930.000000	25.887363
3588.726553	988.461439	14940.000000	17.654092
2409.321093	1541.208264	14950.000000	10.942150
2429.366714	1492.174508	14960.000000	20.948344
2200.960472	1681.933460	14970.000000	9.961520
2605.648137	999.769243	14980.000000	6.873200
3935.271459	1185.670836	14990.000000	25.599701
3867.742053	1198.344568	15000.000000	32.771078
2521.949870	2551.121392	15010.000000	34.660204
2393.405452	1229.301916	15020.000000	5.410266
2576.739661	784.979468	15030.000000	11.802716
4923.644326	1225.593478	15040.000000	29.389756
2812.108562	643.513135	15050.000000	6.909071
3799.169420	327.098183	15060.000000	22.925079
5312.886396	608.231127	15070.000000	27.932465
3407.314744	430.377480	15080.000000	9.901750
4423.967396	340.093677	15090.000000	32.672758
3863.320839	223.894819	15100.000000	8.204503
2985.772009	344.600859	15110.000000	11.534754
4964.657053	433.887714	15120.000000	21.217431
3102.771522	990.361456	15130.000000	21.343617
2130.696506	1089.619869	15140.000000	12.219617
1914.849839	3082.342405	15150.000000	15.606005
1137.801569	3556.703066	15160.000000	12.116203
1300.209774	2798.689443	15170.000000	20.471540
1878.781357	4668.499301	15180.000000	14.061110
2032.632165	2595.889741	15190.000000	9.458529
2334.817213	2344.005056	15200.000000	21.472288
2907.004316	1835.868342	15210.000000	30.613262
6384.799453	553.941899	15220.000000	30.579524
4820.528416	845.851342	15230.000000	23.953024
2889.360399	1448.323680	15240.000000	21.099100
1448.461965	3567.643269	15250.000000	17.129694
2183.317458	1370.852114	15260.000000	30.331077
3054.432767	801.102757	15270.000000	-3.914992
1861.468066	2769.826229	15280.000000	15.131647
1409.211082	2554.976389	15290.000000	15.534900
1396.546994	1937.369085	15300.000000	13.271946
2224.958970	765.485233	15310.000000	3.899445
2326.433192	934.292249	15320.000000	17.243901
2466.471038	1454.105850	15330.000000	29.657161
1656.377263	1149.246523	15340.000000	16.527743
2453.509933	1449.785734	15350.000000	40.027375
2828.371577	1521.912269	15360.000000	16.751337
2687.796132	1916.925315	15370.000000	21.943730
3331.005499	1158.097735	15380.000000	28.221747
2043.357340	1078.248047	15390.000000	5.779730
2100.920971	888.533885	15400.000000	41.549043
3202.989918	639.732263	15410.000000	50.647399
2379.957599	1539.217786	15420.000000	11.464158
1455.514463	2235.658567	15430.000000	11.512345
1609.341441	2554.279633	15440.000000	21.009928
1823.184373	1006.403690	15450.000000	12.680838
1852.350377	1319.062274	15460.000000	-1.574943
2688.478437	752.035391	15470.000000	9.809268
3196.556612	1311.721018	15480.000000	17.027527
3538.893187	1591.911943	15490.000000	25.367291
2722.209750	2573.183684	15500.000000	28.616548
1664.353245	2560.817590	15510.000000	18.533663
2814.215495	1495.598868	15520.000000	26.336722
2082.944506	1340.624210	15530.000000	0.559135
1754.874546	957.974051	15540.000000	5.423067
1843.340264	1328.910990	15550.000000	13.604286
1822.560706	2559.661216	15560.000000	32.298044
4409.936066	1529.151568	15570.000000	27.991962
3661.635547	1419.485681	15580.000000	31.865536
3676.700350	979.325460	15590.000000	-3.967578
3288.633100	1170.939834	15600.000000	-4.226768
2678.849951	1764.797860	15610.000000	34.374440
1494.838234	2105.041834	15620.000000	12.232021
2428.327076	1719.398869	15630.000000	2.155942
4335.816544	726.824494	15640.000000	32.278488
3792.977876	885.628341	15650.000000	30.039506
4319.443453	696.546630	15660.000000	35.656155
4966.345502	816.595872	15670.000000	32.755374
3101.813282	826.899828	15680.000000	25.343272
3115.786970	748.705986	15690.000000	29.742051
3017.026743	645.878567	15700.000000	11.073456
5053.828337	557.732861	15710.000000	26.279095
7809.168704	232.734400	15720.000000	28.452022
5754.477768	112.022762	15730.000000	20.416175
3173.731522	188.014916	15740.000000	19.601658
2879.197897	174.923087	15750.000000	24.658310
2114.031399	469.959007	15760.000000	14.770333
4186.117934	768.501703	15770.000000	21.714452
3068.721052	1372.629969	15780.000000	31.022208
1333.750144	3252.034472	15790.000000	8.104404
1271.961946	3949.599451	15800.000000	22.725059
1397.636663	1976.832563	15810.000000	25.862410
2670.212576	1209.311023	15820.000000	41.894869
3663.224604	1692.526109	15830.000000	31.319041
2438.631810	2003.326717	15840.000000	19.263479
2226.761843	1818.823427	15850.000000	14.801567
2730.022884	799.873494	15860.000000	9.817064
1653.581986	2992.711107	15870.000000	18.619135
2027.241685	1135.840871	15880.000000	41.731164
3671.656175	1497.071350	15890.000000	31.562210
1768.693404	1292.074657	15900.000000	10.613256
2333.394761	1692.631068	15910.000000	20.439453
2459.019760	1730.415074	15920.000000	20.359877
2166.124755	1925.608651	15930.000000	20.644873
1339.829013	3329.088667	15940.000000	36.167827
2118.993747	2902.367088	15950.000000	16.837053
1577.188866	3012.766072	15960.000000	22.905884
1409.186993	2512.916602	15970.000000	4.808197
4445.446366	1395.036300	15980.000000	15.225867
2729.072901	570.589347	15990.000000	10.749372
2886.620206	1158.654867	16000.000000	2.438299
2833.618864	782.536657	16010.000000	14.681828
3112.714060	1761.212612	16020.000000	28.775868
2012.232798	1414.357241	16030.000000	40.955124
4035.978047	424.519755	16040.000000	34.726866
2152.408291	502.253741	16050.000000	16.062908
5577.589294	505.394478	16060.000000	26.956502
3217.175324	629.034450	16070.000000	22.120014
5131.422652	809.005496	16080.000000	30.162189
2670.167959	1493.352140	16090.000000	16.793427
2721.851553	770.851289	16100.000000	15.635378
3020.024514	487.515334	16110.000000	37.703869
2824.520836	1148.856345	16120.000000	13.195382
1967.590588	2251.838209	16130.000000	15.468519
2310.592049	2031.893691	16140.000000	7.236539
1347.432663	3208.881013	16150.000000	13.720500
1779.750178	2572.330736	16160.000000	30.802486
2392.105332	2458.813850	16170.000000	19.480211
2110.750727	2041.282106	16180.000000	9.486159
1671.630267	2095.131512	16190.000000	13.597888
1471.283036	1336.431335	16200.000000	40.485249
3699.631303	880.171427	16210.000000	35.986996
4408.604206	1222.100677	16220.000000	28.606333
4081.689053	857.068767	16230.000000	28.700735
1982.860013	1863.240105	16240.000000	19.961186
1823.126443	1532.004314	16250.000000	-4.781553
3046.466636	1276.684494	16260.000000	31.731104
2062.644218	2115.585494	16270.000000	18.549788
2458.713918	746.288430	16280.000000	35.003927
2810.967900	1550.579900	16290.000000	8.799795
2719.507137	1389.340206	16300.000000	22.549736
1474.739751	1885.777186	16310.000000	8.472945
1814.424845	2438.274876	16320.000000	14.315346
1982.591058	1599.908362	16330.000000	25.644185
2585.948754	2542.625936	16340.000000	17.042500
3500.690822	2168.414881	16350.000000	26.439477
3786.687606	1522.547831	16360.000000	10.946504
4453.888894	657.025715	16370.000000	31.409637
4656.576382	891.272921	16380.000000	18.813097
2940.575238	874.209336	16390.000000	-0.194983
1812.491919	1413.426047	16400.000000	9.384244
3820.839670	1328.679006	16410.000000	25.083711
3101.421067	1621.103456	16420.000000	37.377326
2551.283778	941.771489	16430.000000	4.038718
3824.912991	1202.367436	16440.000000	28.936710
2116.591122	1853.825248	16450.000000	18.897561
4738.942609	1053.132560	16460.000000	25.004037
2162.582146	1410.820101	16470.000000	22.384227
6902.170392	439.997966	16480.000000	32.519848
3857.019734	437.830433	16490.000000	17.500866
3171.714909	316.923552	16500.000000	29.377527
3921.447141	689.282292	16510.000000	31.375880
4237.302200	629.733338	16520.000000	23.280390
5157.020257	493.374980	16530.000000	31.080603
4553.106532	216.637634	16540.000000	35.590345
3547.804970	384.058902	16550.000000	23.740221
2051.304359	2054.599794	16560.000000	15.896289
1513.369791	2066.678467	16570.000000	15.345133
1583.684799	5146.654502	16580.000000	16.884145
2431.699914	1972.901010	16590.000000	28.955606
1332.905634	1221.648306	16600.000000	6.858134
1800.344894	3196.687952	16610.000000	20.876508
2023.051474	1687.577829	16620.000000	14.755575
3011.031385	1161.659286	16630.000000	36.970766
4411.915364	439.513787	16640.000000	23.967283
2551.813228	523.439757	16650.000000	2.762380
2247.908222	776.257653	16660.000000	25.657440
2995.602754	2257.538060	16670.000000	22.710393
3049.103977	1558.528213	16680.000000	28.524978
3855.306253	867.223987	16690.000000	18.589926
2058.368560	2066.225316	16700.000000	16.131008
1319.968477	2812.005975	16710.000000	13.828514
1857.226100	2809.462437	16720.000000	19.358763
3551.160391	2261.522840	16730.000000	13.627979
1846.880867	2079.223482	16740.000000	12.248860
3027.534464	943.793428	16750.000000	5.896741
1770.765932	4242.544867	16760.000000	14.152352
1627.737664	2112.841459	16770.000000	-7.080701
2248.610420	1384.305437	16780.000000	11.277639
1759.623891	1660.132151	16790.000000	38.492877
1396.305785	2934.644994	16800.000000	18.219437
1209.948749	2015.917831	16810.000000	6.209817
978.574606	2533.725443	16820.000000	42.221546
3535.433672	1989.289984	16830.000000	26.342710
4129.341200	1323.065224	16840.000000	10.167932
1766.483297	1406.831689	16850.000000	12.616781
4750.624587	932.972074	16860.000000	25.051259
2913.743932	622.340425	16870.000000	13.277129
2155.353335	1444.033725	16880.000000	21.618765
2627.446937	796.310182	16890.000000	24.624235
5068.608212	939.622007	16900.000000	20.224079
4289.608711	711.244841	16910.000000	28.213546
4016.242541	895.472899	16920.000000	18.009917
2861.257488	759.378469	16930.000000	23.102544
3298.050102	1071.995997	16940.000000	20.206130
2348.546314	602.308185	16950.000000	29.188897
2210.027689	879.753978	16960.000000	24.480879
2365.859534	1766.390950	16970.000000	18.004604
3852.658178	1014.544692	16980.000000	24.585966
3511.894551	775.147424	16990.000000	20.283744
3494.797928	2061.624024	17000.000000	12.906004
3272.122495	999.938302	17010.000000	22.151243
2071.065639	1818.019350	17020.000000	20.034777
2982.657329	2034.523190	17030.000000	18.737359
2455.471849	2385.430653	17040.000000	16.752705
2480.987268	1329.675806	17050.000000	26.388351
1631.343089	1059.814642	17060.000000	39.750899
4434.597397	1569.586434	17070.000000	29.943438
3281.575664	673.314851	17080.000000	29.307696
3599.254608	856.454102	17090.000000	14.999325
3667.381340	1865.213357	17100.000000	18.089785
2670.035111	2645.709923	17110.000000	31.380715
2504.002490	2453.913817	17120.000000	26.957214
3801.725217	1303.690970	17130.000000	23.217259
2787.394769	2979.615774	17140.000000	16.920226
2786.420440	791.794344	17150.000000	4.016152
1892.828840	1938.039038	17160.000000	13.388509
2376.561251	2185.571299	17170.000000	19.104877
2322.361412	1916.105751	17180.000000	21.412916
2778.395343	2358.776791	17190.000000	24.127263
3526.208549	2004.998198	17200.000000	27.211188
2972.468498	2189.102723	17210.000000	22.483000
3395.691252	1002.759767	17220.000000	5.503169
2112.424422	698.183771	17230.000000	43.286368
2151.212412	606.286113	17240.000000	0.562605
1469.560989	1272.772719	17250.000000	9.007868
1698.238113	978.345806	17260.000000	35.305211
2059.603619	439.609934	17270.000000	59.610710
2233.168062	710.482930	17280.000000	-4.683089
3662.185496	473.442412	17290.000000	13.725459
2858.477841	908.774007	17300.000000	15.620174
4331.560805	427.778534	17310.000000	25.621155
3397.154000	557.803841	17320.000000	16.186654
3861.086889	374.933438	17330.000000	25.767271
2114.530678	302.745557	17340.000000	7.459250
2401.693587	558.483970	17350.000000	24.061073
6062.594278	469.436009	17360.000000	23.200309
3879.274557	291.042468	17370.000000	33.187561
2837.307357	354.888640	17380.000000	-0.117864
2039.789499	806.903494	17390.000000	21.712906
1436.748623	1415.516531	17400.000000	20.735580
1020.199781	3466.201799	17410.000000	23.907030
3807.984822	2219.572320	17420.000000	25.467385
2287.677006	1307.794711	17430.000000	13.109741
1229.666567	3703.480803	17440.000000	17.000843
1083.157727	3883.762739	17450.000000	14.592341
1557.497043	1939.418593	17460.000000	35.738388
3486.580048	862.606783	17470.000000	27.192673
2508.372958	1052.183344	17480.000000	22.720084
4407.856180	1565.104511	17490.000000	17.266387
3343.035199	1030.879218	17500.000000	29.354410
5276.227819	1305.030441	17510.000000	26.646906
4202.606524	858.094347	17520.000000	15.385770
3366.272217	787.505036	17530.000000	31.888297
1837.252444	1294.368464	17540.000000	11.251449
3184.487052	1171.624102	17550.000000	17.187086
3307.174173	645.039395	17560.000000	-0.839521
3833.448715	549.868415	17570.000000	9.368616
2502.332232	1259.613008	17580.000000	19.328250
2469.743430	1752.186418	17590.000000	4.923830
2712.355530	1937.503034	17600.000000	30.088968
2633.469971	1332.686748	17610.000000	26.559746
3355.990088	708.915357	17620.000000	7.891555
1717.596588	1712.293347	17630.000000	6.106244
2124.542690	2163.371716	17640.000000	15.416143
4054.043951	2248.197085	17650.000000	31.921144
3794.532945	1786.735442	17660.000000	23.713546
2559.467289	1567.268662	17670.000000	13.804135
2436.067193	1720.362108	17680.000000	36.268791
3074.703191	2282.108860	17690.000000	23.370593
1002.379886	3347.337043	17700.000000	13.629929
1575.280656	3433.431373	17710.000000	12.752487
1868.420445	1585.275372	17720.000000	32.338205
1903.583427	1524.902761	17730.000000	12.384439
1573.865881	3865.690046	17740.000000	19.371620
1264.227359	1362.876595	17750.000000	-0.325312
3150.730600	1988.202970	17760.000000	19.322854
2585.953510	1404.549875	17770.000000	9.465415
1275.415801	1767.422822	17780.000000	1.384679
1676.662413	1544.862905	17790.000000	14.765491
2523.788339	1120.980384	17800.000000	33.823899
2458.988672	1424.200819	17810.000000	35.663251
1850.850703	1405.977769	17820.000000	11.576874
2427.345479	1353.421976	17830.000000	20.632681
1172.648455	2296.851730	17840.000000	5.698203
2419.335994	1582.888854	17850.000000	27.462960
1508.218179	852.891970	17860.000000	7.778558
2455.444322	2121.496978	17870.000000	19.504424
3107.216142	1083.835573	17880.000000	23.681135
2692.587010	2040.420958	17890.000000	29.005021
1582.079568	1637.762309	17900.000000	35.080392
1968.014499	914.366568	17910.000000	1.659617
3534.123005	1215.666617	17920.000000	24.185764
3602.703389	1336.920817	17930.000000	24.036415
2212.320996	2360.754860	17940.000000	19.679586
3476.324494	1288.864111	17950.000000	10.434053
2400.487004	2712.868238	17960.000000	15.784597
2219.489413	1613.563409	17970.000000	19.816036
2046.897155	1692.391925	17980.000000	11.324010
2498.396078	1146.248770	17990.000000	30.420560
4492.321502	472.329311	18000.000000	20.051004
2350.508637	489.080010	18010.000000	34.472115
3632.722434	704.180567	18020.000000	25.434307
3917.306587	452.212332	18030.000000	23.070216
2625.654334	550.968610	18040.000000	1.786530
3520.305566	743.507924	18050.000000	12.121468
2342.307716	678.191297	18060.000000	9.353304
1702.706385	1662.081753	18070.000000	15.164949
851.000438	2365.879945	18080.000000	6.850280
1601.151971	2273.735533	18090.000000	16.703592
1973.626291	4786.256592	18100.000000	20.469737
2601.364351	3080.502899	18110.000000	28.979108
1433.489717	1596.074373	18120.000000	3.330731
3029.397183	1189.694102	18130.000000	25.919545
3718.104112	794.868068	18140.000000	26.986523
2982.380248	723.708102	18150.000000	23.432575
3499.218913	857.632871	18160.000000	28.757208
2479.552572	1466.710383	18170.000000	20.096748
3346.468794	1239.392868	18180.000000	6.047271
2148.076563	747.668699	18190.000000	36.321508
2938.520395	1060.305291	18200.000000	34.240532
5604.243592	538.277864	18210.000000	23.608907
4230.616730	151.662126	18220.000000	7.930854
5500.167261	89.289470	18230.000000	24.193164
3197.160796	138.995987	18240.000000	22.682266
1739.978402	484.922887	18250.000000	10.665619
2767.509938	1206.354993	18260.000000	16.567215
3237.978444	1294.706592	18270.000000	15.081050
4382.463432	606.549374	18280.000000	25.216660
3797.696984	937.506497	18290.000000	21.449954
3237.211949	652.305482	18300.000000	12.155784
4281.704910	677.048110	18310.000000	33.350054
2153.973667	1990.827695	18320.000000	12.119277
3583.309939	776.764985	18330.000000	9.147414
5125.148491	480.928565	18340.000000	26.283194
3533.463531	671.016549	18350.000000	30.579398
3322.304298	622.984617	18360.000000	6.791592
2257.877618	1016.185283	18370.000000	5.534366
2122.713592	1689.711820	18380.000000	8.948860
4404.940823	1134.347798	18390.000000	16.958610
3512.470817	775.423071	18400.000000	29.262315
2755.273253	844.617173	18410.000000	13.137882
3426.442862	857.973198	18420.000000	10.160918
3653.037303	1064.875527	18430.000000	30.622670
3441.483735	667.072933	18440.000000	9.304549
3246.381901	907.100804	18450.000000	30.681717
2582.104746	907.328397	18460.000000	21.970925
3976.711061	1405.711912	18470.000000	30.189047
2961.702376	2687.301939	18480.000000	18.996994
4048.941398	1997.683259	18490.000000	16.748824
2453.672814	1676.502197	18500.000000	28.519082
1872.262919	1102.515418	18510.000000	-8.388964
3970.162913	1122.640195	18520.000000	32.670204
3460.850322	2085.456078	18530.000000	23.354516
3431.798384	1037.503676	18540.000000	11.425486
3969.881005	362.795760	18550.000000	23.797282
4284.789298	566.933006	18560.000000	17.338227
3904.022765	1121.037938	18570.000000	28.407846
2499.565457	950.562596	18580.000000	31.222342
2736.204136	1357.252632	18590.000000	8.556143
2200.997881	1249.587245	18600.000000	24.713298
3427.280942	1413.103183	18610.000000	22.689278
2237.241349	3004.609853	18620.000000	17.022414
2911.085597	1183.350058	18630.000000	14.023326
5146.407720	894.673667	18640.000000	29.598497
3190.011718	929.124410	18650.000000	7.167416
3390.404600	569.179404	18660.000000	17.215645
2520.172257	1929.324244	18670.000000	27.999179
2595.395064	1435.895899	18680.000000	27.286161
4628.388249	890.863013	18690.000000	3.342674
1996.679477	1409.763449	18700.000000	14.840837
1538.820236	2726.240702	18710.000000	12.128981
1307.275599	1677.291813	18720.000000	26.547925
1934.483206	3075.071260	18730.000000	17.544077
2732.614152	1623.929155	18740.000000	26.212840
1402.803784	3056.201220	18750.000000	17.472508
2190.061989	3618.257032	18760.000000	18.882064
2490.968419	3606.672632	18770.000000	19.503789
5269.208448	1429.012595	18780.000000	24.293304
3000.795152	1538.357489	18790.000000	21.722820
2679.206515	1490.605069	18800.000000	15.989662
2831.571186	864.976473	18810.000000	27.513089
3820.945916	944.722111	18820.000000	20.998041
3830.439755	1483.211229	18830.000000	21.822518
4470.475776	988.640004	18840.000000	32.858850
2975.088465	980.632101	18850.000000	19.193037
2415.917883	1347.889377	18860.000000	2.506635
3982.633021	943.395984	18870.000000	28.708626
3806.596962	1741.661666	18880.000000	16.889976
3628.071535	1616.279630	18890.000000	25.033826
3305.625255	1419.066871	18900.000000	15.983612
2133.661917	1209.967462	18910.000000	11.110594
2027.185787	660.595617	18920.000000	36.274370
1919.266949	1735.406358	18930.000000	19.046214
3368.085683	903.157901	18940.000000	24.333693
5543.609596	504.933440	18950.000000	28.497625
4176.628146	317.296219	18960.000000	26.200637
2661.815808	471.684362	18970.000000	11.501936
3798.029897	863.321047	18980.000000	13.378981
4561.828846	589.313350	18990.000000	29.985913
4790.695911	1386.608721	19000.000000	30.853066
3588.638675	1793.488158	19010.000000	29.362260
2303.016616	1251.038215	19020.000000	3.877467
5028.743077	636.998946	19030.000000	27.545246
3499.708796	1112.295752	19040.000000	21.080124
3615.936229	996.916247	19050.000000	26.133683
3879.630479	535.466057	19060.000000	26.665356
3019.464767	1174.857264	19070.000000	21.332816
3155.728995	1461.754473	19080.000000	23.254966
3155.186243	1951.882594	19090.000000	21.768290
4852.732888	1352.419924	19100.000000	32.224987
3313.568387	973.753879	19110.000000	-2.527376
2291.043470	745.727588	19120.000000	8.532055
2773.184312	520.857580	19130.000000	8.031178
2323.229721	927.571261	19140.000000	7.285665
2292.379134	722.822937	19150.000000	23.170109
4610.597374	462.920891	19160.000000	26.788202
2174.488427	423.892665	19170.000000	7.334067
1600.915860	1326.276756	19180.000000	19.875880
3016.510692	1715.791064	19190.000000	26.235286
3552.196952	2476.919708	19200.000000	25.390018
1924.529237	3480.850406	19210.000000	48.289206
2355.622046	1463.667473	19220.000000	19.203387
2720.152804	1273.700304	19230.000000	7.851903
4172.800233	1453.872803	19240.000000	27.394682
2875.874208	1696.712027	19250.000000	27.406538
1763.568611	1762.947287	19260.000000	39.423803
3101.743621	1687.919834	19270.000000	15.757004
2005.508685	1303.446792	19280.000000	1.932866
4089.137982	1302.173616	19290.000000	14.810437
3137.300295	483.403105	19300.000000	5.448560
3213.495620	571.180797	19310.000000	21.410282
6074.775605	683.353500	19320.000000	28.511035
2908.702533	792.502319	19330.000000	11.743575
1630.527701	1448.429832	19340.000000	-6.031750
2878.928229	1050.139036	19350.000000	45.351939
3460.030809	744.619865	19360.000000	21.560909
5362.185743	763.514721	19370.000000	19.896607
2604.294629	1061.504407	19380.000000	16.084555
4624.668372	664.970321	19390.000000	18.264426
2302.316469	854.343453	19400.000000	16.889865
4234.186043	901.218369	19410.000000	28.150850
3575.121946	509.445397	19420.000000	33.511099
4132.280601	517.062565	19430.000000	30.134624
3613.506626	902.611181	19440.000000	20.084008
4439.386596	1398.891839	19450.000000	28.817474
3175.413529	1722.613585	19460.000000	17.771012
1992.115214	2774.577423	19470.000000	16.272541
1295.514961	2288.769333	19480.000000	17.523351
2058.567491	2085.934613	19490.000000	26.937381
3272.372188	2402.969585	19500.000000	17.695180
2316.215632	1152.069517	19510.000000	9.177072
2323.054440	2204.985268	19520.000000	16.547938
3798.673035	1575.200367	19530.000000	21.200325
3856.268840	760.853864	19540.000000	33.553396
2930.466953	819.300670	19550.000000	13.649744
4811.331080	900.559479	19560.000000	27.265955
2449.150682	1557.345714	19570.000000	7.588133
3079.450481	1277.356081	19580.000000	19.111209
2817.147670	3835.136445	19590.000000	20.698751
2068.085479	2899.584868	19600.000000	22.541601
2236.107742	1247.967456	19610.000000	3.435194
2370.648066	963.109695	19620.000000	20.796881
3869.989393	982.105699	19630.000000	17.709648
2470.290624	2231.207498	19640.000000	6.367630
2897.978087	1232.505484	19650.000000	7.993795
1669.964441	1298.066563	19660.000000	2.376479
2081.742960	2163.058592	19670.000000	11.741463
1515.100542	2130.042257	19680.000000	35.772608
1117.388066	2929.528240	19690.000000	13.068474
2142.248957	1937.077357	19700.000000	16.577522
2971.449496	1195.266336	19710.000000	12.192526
3006.264745	1685.982548	19720.000000	1.067147
2753.018416	1317.873012	19730.000000	1.826516
2764.078602	886.658207	19740.000000	12.651583
3931.467499	357.337520	19750.000000	49.011989
4217.681457	274.060828	19760.000000	31.430280
2438.904631	786.385594	19770.000000	16.052484
1364.667727	673.804262	19780.000000	5.119692
1652.155460	930.007875	19790.000000	11.893347
2257.569415	1395.965841	19800.000000	12.990951
2529.999592	1147.402308	19810.000000	9.561350
2197.995860	1408.039050	19820.000000	41.724810
1593.641474	2413.379914	19830.000000	26.776187
1867.426028	884.972015	19840.000000	25.543034
2754.457777	1519.454885	19850.000000	25.772997
3766.752193	1135.643649	19860.000000	9.277742
2875.570874	895.450965	19870.000000	24.360302
1893.151078	1176.432805	19880.000000	5.552176
3207.073967	862.078216	19890.000000	36.904818
1771.963482	860.802442	19900.000000	9.337823
3525.046631	1185.298862	19910.000000	16.391648
1491.060516	1358.016676	19920.000000	17.583400
2646.079245	1611.463998	19930.000000	31.817841
3041.391317	2445.266183	19940.000000	21.965155
2446.847419	1659.436514	19950.000000	15.756299
2155.417938	1895.280075	19960.000000	23.610361
1471.643830	3108.415662	19970.000000	13.228780
2043.162166	2587.888995	19980.000000	20.813848
2885.823300	1311.058591	19990.000000	22.732292
1521.842136	2050.422519	20000.000000	17.979681
